0 0 36.22154055254967 978 NEUTRAL
0 1 36.124783736376884 977 NEUTRAL
0 2 36.05551275463989 976 NEUTRAL
0 3 36.013886210738214 975 NEUTRAL
0 4 36.0 974 NEUTRAL
0 5 36.013886210738214 973 NEUTRAL
10 6 36.05551275463989 972 NEUTRAL
10 7 36.124783736376884 971 NEUTRAL
10 8 36.22154055254967 970 NEUTRAL
10 9 36.345563690772494 969 NEUTRAL
20 10 36.49657518178932 968 NEUTRAL
20 11 36.6742416417845 967 NEUTRAL
20 12 36.87817782917155 966 NEUTRAL
20 13 37.107950630558946 965 NEUTRAL
30 14 37.36308338453881 964 NEUTRAL
30 15 37.64306044943742 963 NEUTRAL
30 16 37.94733192202055 962 NEUTRAL
30 17 38.27531841800928 961 NEUTRAL
40 18 38.62641583165593 960 NEUTRAL
40 19 39.0 959 NEUTRAL
40 20 39.395431207184416 958 NEUTRAL
40 21 39.81205847478876 957 NEUTRAL
50 22 40.24922359499622 956 NEUTRAL
50 23 40.70626487409524 955 NEUTRAL
50 24 41.182520563948 954 NEUTRAL
50 25 41.677331968349414 953 NEUTRAL
60 26 42.190046219457976 952 NEUTRAL
60 27 42.720018726587654 951 NEUTRAL
60 28 43.266615305567875 950 NEUTRAL
60 29 43.829214001622255 949 NEUTRAL
70 30 44.40720662234904 948 NEUTRAL
70 31 45.0 947 NEUTRAL
70 32 45.60701700396552 946 NEUTRAL
70 33 46.22769732530488 945 NEUTRAL
80 34 46.861498055439924 944 NEUTRAL
80 35 47.50789408087881 943 NEUTRAL
80 36 48.16637831516918 942 NEUTRAL
80 37 48.83646178829912 941 NEUTRAL
90 38 49.51767361255979 940 NEUTRAL
90 39 50.20956084253277 939 NEUTRAL
90 40 62.48199740725323 938 UP
90 41 62.48199740725323 937 UP
100 42 62.48199740725323 936 UP
100 43 61.07372593840988 924 UP
100 44 59.665735560705194 920 UP
100 45 58.25804665451803 916 UP
110 46 56.85068161420758 912 UP
110 47 55.44366510251645 908 UP
110 48 54.037024344425184 904 UP
110 49 52.630789467763066 900 UP
120 50 51.22499389946279 896 UP
120 51 49.8196748283246 892 UP
120 52 48.41487374764082 888 UP
120 53 47.01063709417264 884 UP
130 54 45.60701700396552 810 UP
130 55 44.204072210600685 806 UP
130 56 42.80186911806539 802 UP
130 57 41.400483088968905 798 UP
140 58 40.0 794 UP
140 59 38.41874542459709 790 UP
140 60 36.87817782917155 786 UP
140 61 35.38361202590826 782 UP
150 62 33.94112549695428 778 UP
150 63 32.55764119219941 774 UP
150 64 31.240998703626616 770 UP
150 65 30.0 766 UP
160 66 28.844410203711913 691 UP
160 67 27.784887978899608 673 UP
160 68 26.832815729997478 667 UP
160 69 26.0 661 UP
170 70 25.298221281347036 655 UP
170 71 24.041630560342615 649 UP
170 72 22.80350850198276 643 UP
170 73 21.587033144922902 637 UP
180 74 20.396078054371138 631 UP
180 75 19.235384061671343 625 UP
180 76 18.110770276274835 619 UP
180 77 17.029386365926403 613 UP
190 78 16.0 585 UP
190 79 15.033296378372908 581 UP
190 80 14.142135623730951 577 UP
190 81 13.341664064126334 573 UP
200 82 12.649110640673518 569 UP
200 83 13.416407864998739 565 UP
200 84 14.422205101855956 561 UP
200 85 15.620499351813308 557 UP
210 86 16.97056274847714 553 UP
210 87 18.439088914585774 549 UP
210 88 20.0 545 UP
210 89 21.633307652783937 541 UP
220 90 23.323807579381203 456 UP
220 91 25.059928172283335 452 UP
220 92 26.832815729997478 448 UP
220 93 28.635642126552707 444 UP
230 94 30.463092423455635 440 UP
230 95 31.016124838541646 436 UP
230 96 31.622776601683793 432 UP
230 97 32.28002478313795 428 UP
240 98 32.984845004941285 424 UP
240 99 33.734255586866 420 UP
240 100 34.52535300326414 416 UP
240 101 35.35533905932738 412 UP
250 102 36.22154055254967 348 UP
250 103 37.12142238654117 330 UP
250 104 38.05259518088089 324 UP
250 105 39.01281840626232 318 UP
260 106 40.0 312 UP
260 107 40.0 306 UP
260 108 40.0 300 UP
260 109 40.0 294 UP
270 110 40.0 288 UP
270 111 40.0 282 UP
270 112 40.0 276 UP
270 113 40.0 270 UP
280 114 40.0 264 UP
280 115 40.0 258 UP
280 116 40.0 252 UP
280 117 40.0 246 UP
290 118 40.0 153 LEFT
290 119 39.01281840626232 152 LEFT
290 120 38.05259518088089 151 LEFT
290 121 37.12142238654117 150 LEFT
300 122 36.22154055254967 149 LEFT
300 123 35.35533905932738 148 LEFT
300 124 34.52535300326414 147 LEFT
300 125 33.734255586866 146 LEFT
310 126 32.984845004941285 145 UP
310 127 32.984845004941285 139 UP
310 128 32.984845004941285 133 UP
310 129 32.984845004941285 127 UP
320 130 32.984845004941285 121 UP
320 131 34.20526275297414 115 UP
320 132 35.4400902933387 109 UP
320 133 36.68787265568828 103 UP
370 134 37.36308338453881 97 UP
370 135 38.07886552931954 91 UP
370 136 39.05124837953327 85 UP
370 137 39.81205847478876 79 UP
380 138 40.792156108742276 0 UP
380 139 41.773197148410844 0 UP
380 140 41.773197148410844 0 RIGHT
380 141 42.579337712087536 1 RIGHT
380 142 42.42640687119285 2 RIGHT
380 143 43.289721643826724 3 RIGHT
390 144 43.18564576337837 4 RIGHT
390 145 44.10215414239989 5 RIGHT
390 146 44.04543109109048 6 RIGHT
390 147 45.0111097397076 7 RIGHT
400 148 45.0 8 RIGHT
400 149 46.010868281309364 9 RIGHT
400 150 46.04345773288535 10 RIGHT
400 151 47.095647357266465 11 RIGHT
410 152 47.16990566028302 12 RIGHT
410 153 48.25971404805462 13 RIGHT
410 154 48.373546489791295 14 RIGHT
410 155 49.49747468305833 15 RIGHT
420 156 49.64876634922564 16 RIGHT
420 157 50.80354318352215 17 RIGHT
420 158 50.99019513592785 18 RIGHT
420 159 52.172789842982326 19 DOWN
430 160 52.392747589718944 20 DOWN
430 161 52.392747589718944 80 DOWN
430 162 51.419840528729765 86 DOWN
430 163 51.419840528729765 92 DOWN
440 164 50.44799302251776 98 DOWN
440 165 50.44799302251776 104 DOWN
440 166 49.47726750741192 110 DOWN
440 167 49.47726750741192 116 DOWN
450 168 48.507731342539614 122 DOWN
450 169 48.507731342539614 128 DOWN
450 170 47.53945729601885 134 DOWN
450 171 47.53945729601885 140 DOWN
460 172 46.57252408878007 165 DOWN
460 173 46.57252408878007 247 DOWN
460 174 45.60701700396552 253 DOWN
460 175 45.60701700396552 259 DOWN
470 176 44.64302857109943 265 DOWN
470 177 44.64302857109943 271 DOWN
470 178 43.68065933568311 277 DOWN
470 179 43.68065933568311 283 DOWN
480 180 42.720018726587654 289 DOWN
480 181 42.720018726587654 295 DOWN
480 182 41.7612260356422 301 DOWN
480 183 41.7612260356422 307 RIGHT
490 184 40.80441152620633 313 RIGHT
490 185 40.80441152620633 319 RIGHT
490 186 39.84971769034255 325 RIGHT
490 187 39.84971769034255 331 RIGHT
500 188 38.897300677553446 349 RIGHT
500 189 40.162171256046406 350 RIGHT
500 190 40.496913462633174 351 RIGHT
500 191 41.78516483155236 352 RIGHT
510 192 42.15447781671598 353 RIGHT
510 193 43.46262762420146 354 RIGHT
510 194 43.86342439892262 355 RIGHT
510 195 45.18849411078001 356 RIGHT
520 196 45.617978911828175 357 RIGHT
520 197 46.95742752749558 358 RIGHT
520 198 47.41307836451879 359 RIGHT
520 199 48.76474136094644 360 RIGHT
530 200 49.24428900898052 361 RIGHT
530 201 50.60632371551998 362 RIGHT
530 202 51.10772935672255 363 RIGHT
530 203 52.478567053607705 364 RIGHT
540 204 53.0 365 RIGHT
540 205 54.378304497290095 366 RIGHT
540 206 54.91812087098393 367 RIGHT
540 207 56.302753041036986 368 RIGHT
550 208 56.859475903318 369 RIGHT
550 209 58.249463516842795 370 RIGHT
550 210 58.82176467941097 371 UP
550 211 58.82176467941097 372 UP
560 212 59.405386961116584 373 UP
560 213 59.64059020499378 332 UP
560 214 60.4648658313239 326 UP
560 215 60.74537019394976 320 UP
570 216 61.587336360651285 314 UP
570 217 61.91122676865643 308 UP
570 218 62.76941930590086 302 UP
570 219 63.13477647065839 296 UP
580 220 64.00781202322104 290 UP
580 221 64.41273166075166 284 UP
580 222 65.29931086925804 278 UP
580 223 65.7419196555744 272 UP
590 224 66.64082832618455 266 UP
590 225 67.11929677819934 260 UP
590 226 68.0294054067798 254 UP
590 227 68.54195795277518 248 UP
600 228 69.46221994724903 189 RIGHT
600 229 69.46221994724903 190 RIGHT
600 230 69.85699678629192 191 RIGHT
600 231 69.85699678629192 192 RIGHT
610 232 70.26378868236469 193 RIGHT
610 233 70.26378868236469 194 RIGHT
610 234 70.68238818828917 195 RIGHT
610 235 70.68238818828917 196 RIGHT
620 236 71.11258679024411 197 RIGHT
620 237 71.11258679024411 198 RIGHT
620 238 71.55417527999327 199 RIGHT
620 239 71.55417527999327 200 RIGHT
630 240 72.00694410957877 201 RIGHT
630 241 72.00694410957877 202 RIGHT
630 242 72.47068372797375 203 RIGHT
630 243 72.47068372797375 204 RIGHT
640 244 72.94518489934754 205 RIGHT
640 245 72.94518489934754 206 RIGHT
640 246 73.43023900274328 207 RIGHT
640 247 73.43023900274328 208 RIGHT
650 248 73.92563831310488 209 RIGHT
650 249 73.92563831310488 210 RIGHT
650 250 74.43117626371358 211 RIGHT
650 251 74.43117626371358 212 RIGHT
660 252 74.94664769020693 213 RIGHT
660 253 74.94664769020693 214 RIGHT
660 254 75.47184905645283 215 RIGHT
660 255 75.47184905645283 216 RIGHT
670 256 76.00657866263946 217 RIGHT
670 257 76.00657866263946 218 RIGHT
670 258 76.55063683601855 219 RIGHT
670 259 77.93587107359485 220 RIGHT
680 260 78.49203781276162 221 RIGHT
680 261 79.88116173416608 222 RIGHT
680 262 80.44874144447506 223 RIGHT
680 263 81.8413098624405 224 RIGHT
690 264 82.41965784932621 225 RIGHT
690 265 83.81527307120105 226 RIGHT
690 266 84.40379138403677 227 RIGHT
690 267 85.80209787645055 228 RIGHT
700 268 86.40023148117139 229 RIGHT
700 269 87.80091115700337 230 RIGHT
700 270 88.40814442120137 231 RIGHT
700 271 89.81091247727082 232 RIGHT
710 272 90.4267659490264 233 RIGHT
710 273 91.8313671900838 234 RIGHT
710 274 92.45539465060976 235 RIGHT
710 275 93.86160024205851 236 RIGHT
720 276 94.49338601193207 237 RIGHT
720 277 95.90099061010788 238 RIGHT
720 278 96.54014708917737 239 RIGHT
720 279 97.94896630388705 240 RIGHT
730 280 98.59513172565875 241 RIGHT
730 281 100.00499987500625 242 RIGHT
730 282 100.65783625729296 243 UP
730 283 100.65783625729296 244 UP
740 284 101.31633629380802 245 UP
740 285 101.41498903022176 144 UP
740 286 102.17631819555841 138 UP
740 287 102.30347012687302 132 UP
750 288 103.07764064044152 126 UP
750 289 103.23274674249446 120 UP
750 290 104.01922899156675 114 UP
750 291 104.20172743289815 108 UP
800 292 105.60303025955268 102 UP
800 293 107.00467279516349 96 UP
800 294 107.80074211247342 90 UP
800 295 109.20164833920778 84 UP
810 296 110.0 78 UP
810 297 110.60289327137876 78 LEFT
810 298 110.0 77 LEFT
810 299 110.0 76 LEFT
810 300 109.40292500660117 75 LEFT
820 301 108.00462953040486 74 LEFT
820 302 107.41508273980894 73 LEFT
820 303 106.01886624558857 72 LEFT
820 304 105.43718509140881 71 LEFT
830 305 104.04326023342406 70 LEFT
830 306 103.46980235798269 69 LEFT
830 307 102.07840124139877 68 LEFT
830 308 101.51354589413178 67 LEFT
840 309 100.12492197250393 66 LEFT
840 310 99.56907150315303 65 LEFT
840 311 98.18350166906862 64 LEFT
840 312 97.63708311906906 63 LEFT
850 313 96.25487000666512 62 LEFT
850 314 95.71833680126291 61 DOWN
850 315 94.33981132056604 60 DOWN
850 316 93.81364506296512 59 DOWN
860 317 92.43916918709297 58 DOWN
860 318 91.58602513484249 83 DOWN
860 319 89.88882021697692 89 DOWN
860 320 89.04493247793498 95 DOWN
870 321 87.36704184073076 101 DOWN
870 322 86.53323061113575 107 DOWN
870 323 84.87638069569178 113 DOWN
870 324 84.0535543567314 119 DOWN
880 325 83.81527307120105 125 DOWN
880 326 83.00602387778854 131 DOWN
880 327 82.80096617793781 137 DOWN
880 328 82.00609733428362 143 DOWN
880 329 81.83520025025906 225 DOWN
880 330 81.05553651663777 250 DOWN
880 331 80.91971329657564 256 DOWN
880 332 80.15609770940699 262 DOWN
890 333 80.05623023850174 268 DOWN
890 334 79.30952023559341 274 DOWN
890 335 79.2464510246358 280 DOWN
890 336 78.5175139698144 286 DOWN
900 337 78.49203781276162 292 DOWN
900 338 77.78174593052023 298 DOWN
900 339 77.79460135510689 304 DOWN
900 340 77.10382610480494 310 DOWN
910 341 77.15568676384133 316 DOWN
910 342 76.48529270389177 322 DOWN
910 343 76.57675887630658 328 LEFT
910 344 75.92759709091287 334 LEFT
920 345 76.05918747922567 398 LEFT
920 346 75.28612089887484 397 LEFT
920 347 75.28612089887484 396 LEFT
920 348 74.51845409024533 395 LEFT
930 349 74.51845409024533 394 LEFT
930 350 73.7563556583431 393 LEFT
930 351 73.7563556583431 392 LEFT
930 352 73.0 391 LEFT
940 353 73.0 390 LEFT
940 354 72.24956747275377 389 LEFT
940 355 72.24956747275377 388 LEFT
940 356 71.50524456289902 387 LEFT
950 357 71.50524456289902 386 LEFT
950 358 70.76722405181653 385 LEFT
950 359 70.76722405181653 384 LEFT
950 360 70.03570517957252 383 LEFT
960 361 70.03570517957252 382 LEFT
960 362 69.31089380465383 381 LEFT
960 363 69.31089380465383 380 LEFT
960 364 68.59300255857006 379 LEFT
970 365 68.59300255857006 378 LEFT
970 366 67.88225099390856 377 LEFT
970 367 67.88225099390856 376 LEFT
970 368 67.17886572427373 375 UP
980 369 67.17886572427373 374 UP
980 370 67.89698078707183 333 UP
980 371 69.31089380465383 327 UP
980 372 70.03570517957252 321 UP
990 373 71.50524456289902 315 UP
990 374 72.24956747275377 309 UP
990 375 73.7563556583431 303 UP
990 376 74.51845409024533 297 UP
1000 377 76.05918747922567 291 UP
1000 378 76.83749084919418 285 UP
1000 379 78.40918313565064 279 UP
1000 380 79.20227269466452 273 UP
1010 381 80.80222769206304 267 UP
1010 382 81.60882305241266 261 UP
1010 383 83.23460818673925 255 LEFT
1010 384 84.0535543567314 249 LEFT
1010 385 85.70297544426332 201 LEFT
1010 386 85.14693182963201 200 LEFT
1010 387 85.44003745317531 199 LEFT
1010 388 84.90583018850944 198 LEFT
1010 389 85.23496934944014 197 LEFT
1010 390 84.72307831990054 196 LEFT
1010 391 85.0881895447306 195 LEFT
1010 392 84.59905436823747 194 LEFT
1010 393 85.0 193 LEFT
1010 394 84.53401682163222 192 LEFT
1010 395 84.970583144992 191 LEFT
1010 396 84.52810183601665 190 LEFT
1010 397 83.6719785830358 189 LEFT
1010 398 83.2586331859946 188 LEFT
1010 399 82.46211251235322 187 LEFT
1010 400 82.0792300158816 186 LEFT
1020 401 81.34494452638098 185 LEFT
1020 402 80.99382692526635 184 LEFT
1020 403 80.32434251209281 183 LEFT
1020 404 80.00624975587844 182 LEFT
1030 405 79.40403012442127 181 LEFT
1030 406 79.12016177940993 180 LEFT
1030 407 78.587530817554 179 LEFT
1030 408 78.33900688673555 178 UP
1040 409 77.87810988975015 177 UP
1040 410 78.85429601486528 141 UP
1040 411 79.62411694957753 135 UP
1040 412 80.60397012554654 129 UP
1050 413 81.39410298049853 123 UP
1050 414 82.37718130647589 117 UP
1050 415 83.18653737234169 111 UP
1050 416 84.17244204607586 105 UP
1060 417 85.0 99 UP
1060 418 85.98837130682264 93 UP
1060 419 86.83317338436964 87 UP
1060 420 87.82368700982668 81 UP
1070 421 88.68483523128404 21 RIGHT
1070 422 88.81441324469807 22 RIGHT
1070 423 88.81441324469807 23 RIGHT
1070 424 88.95504482602435 24 RIGHT
1080 425 88.95504482602435 25 RIGHT
1080 426 89.10667763978185 26 RIGHT
1080 427 89.10667763978185 27 RIGHT
1080 428 89.26925562588724 28 RIGHT
1090 429 89.26925562588724 29 RIGHT
1090 430 89.44271909999159 30 RIGHT
1090 431 89.44271909999159 31 RIGHT
1090 432 89.62700485902673 32 RIGHT
1100 433 89.62700485902673 33 RIGHT
1100 434 89.82204629154248 34 RIGHT
1100 435 89.82204629154248 35 RIGHT
1100 436 90.02777349240623 36 RIGHT
1110 437 90.02777349240623 37 RIGHT
1110 438 90.24411338142782 38 RIGHT
1110 439 90.24411338142782 39 RIGHT
1110 440 90.47098982546837 40 RIGHT
1120 441 90.47098982546837 41 RIGHT
1120 442 90.70832376358854 42 RIGHT
1120 443 90.70832376358854 43 RIGHT
1120 444 90.95603333479313 44 RIGHT
1130 445 90.95603333479313 45 RIGHT
1130 446 91.21403400793103 46 RIGHT
1130 447 91.21403400793103 47 RIGHT
1130 448 91.48223871331527 48 RIGHT
1140 449 91.48223871331527 49 RIGHT
1140 450 91.76055797563569 50 RIGHT
1140 451 91.76055797563569 51 RIGHT
1140 452 92.04890004774636 52 RIGHT
1150 453 92.04890004774636 53 RIGHT
1150 454 92.34717104492157 54 RIGHT
1150 455 92.34717104492157 55 RIGHT
1150 456 92.65527507918802 56 RIGHT
1160 457 92.65527507918802 57 DOWN
1160 458 91.706052144883 82 DOWN
1160 459 90.44335243676011 88 DOWN
1160 460 89.49301648732151 94 DOWN
1170 461 88.23264701911646 100 DOWN
1170 462 87.28115489611719 106 DOWN
1170 463 86.02325267042627 112 DOWN
1170 464 85.07055894961546 118 DOWN
1180 465 83.81527307120105 124 DOWN
1180 466 82.86132994346639 130 DOWN
1180 467 81.60882305241266 136 DOWN
1180 468 80.65358020571685 142 DOWN
1180 469 80.65358020571685 213 DOWN
1180 470 80.65358020571685 213 RIGHT
1180 471 81.9084855189009 214 RIGHT
1180 472 82.21921916437786 215 RIGHT
1180 473 83.48652585896721 216 RIGHT
1180 474 83.81527307120105 217 RIGHT
1180 475 85.09406559801923 218 RIGHT
1180 476 85.44003745317531 219 RIGHT
1180 477 86.7294644281861 220 RIGHT
1180 478 87.09190547921202 221 RIGHT
1180 479 88.3911760301898 222 RIGHT
1180 480 88.76936408468859 223 RIGHT
1180 481 90.07774419910837 224 RIGHT
1180 482 90.47098982546837 225 RIGHT
1180 483 91.7877987534291 226 RIGHT
1180 484 92.19544457292888 227 RIGHT
1180 485 93.5200513259055 228 RIGHT
1180 486 93.94147114027967 229 RIGHT
1180 487 95.2732911156112 230 RIGHT
1180 488 95.70788891204319 231 RIGHT
1180 489 97.04638066409278 232 RIGHT
1180 490 97.49358953285082 233 DOWN
1180 491 98.8382517044894 234 DOWN
1180 492 99.76472322419383 235 DOWN
1180 493 100.72239075796404 236 DOWN
1180 494 101.71037311896953 237 DOWN
1180 495 101.35580891098448 251 DOWN
1180 496 101.01980003939822 257 DOWN
1180 497 100.70253224224304 263 DOWN
1190 498 100.40418317978589 269 DOWN
1190 499 100.12492197250393 275 DOWN
1190 500 99.86490875177326 281 DOWN
1190 501 99.62429422585637 287 DOWN
1200 502 99.40321926376429 293 DOWN
1200 503 99.20181449953424 299 DOWN
1200 504 99.20181449953424 305 DOWN
1200 505 99.20181449953424 311 DOWN
1210 506 99.20181449953424 317 DOWN
1210 507 99.20181449953424 323 DOWN
1210 508 99.20181449953424 329 DOWN
1210 509 99.20181449953424 335 DOWN
1220 510 99.20181449953424 399 DOWN
1220 511 99.20181449953424 415 DOWN
1220 512 99.20181449953424 419 DOWN
1220 513 99.20181449953424 423 DOWN
1230 514 99.20181449953424 427 DOWN
1230 515 99.20181449953424 431 DOWN
1230 516 99.02019995940222 435 DOWN
1230 517 98.85848471426213 439 DOWN
1240 518 98.71676655968832 443 DOWN
1240 519 98.59513172565875 447 DOWN
1240 520 98.49365461794989 451 DOWN
1240 521 98.41239759298622 455 DOWN
1250 522 98.35141076771599 540 DOWN
1250 523 98.3107318658548 544 DOWN
1250 524 98.29038610159185 548 DOWN
1250 525 98.29038610159185 552 DOWN
1260 526 98.3107318658548 556 DOWN
1260 527 98.35141076771599 560 DOWN
1260 528 97.0 564 DOWN
1260 529 95.67131231461184 568 DOWN
1270 530 94.36630754670864 572 DOWN
1270 531 93.08598175880189 576 DOWN
1270 532 91.8313671900838 580 DOWN
1270 533 90.60353193998566 584 DOWN
1280 534 89.40357934669059 612 DOWN
1280 535 88.23264701911646 618 DOWN
1280 536 87.09190547921202 624 DOWN
1280 537 85.98255637046388 630 DOWN
1290 538 84.90583018850944 636 DOWN
1290 539 83.86298349093002 642 DOWN
1290 540 82.85529554590944 648 DOWN
1290 541 81.88406438373708 654 DOWN
1300 542 80.95060222135473 660 DOWN
1300 543 80.05623023850174 666 DOWN
1300 544 79.20227269466452 672 DOWN
1300 545 78.39005038906404 678 DOWN
1310 546 77.62087348130012 753 DOWN
1310 547 76.89603370785778 769 DOWN
1310 548 76.21679604916491 773 DOWN
1310 549 75.58438992278762 777 DOWN
1320 550 75.0 781 DOWN
1320 551 74.46475676452586 785 DOWN
1320 552 75.18643494673756 789 DOWN
1320 553 75.92759709091287 793 DOWN
1330 554 76.68767828015137 797 DOWN
1330 555 77.46612162745726 801 DOWN
1330 556 78.26237921249263 805 DOWN
1330 557 79.07591289387686 809 DOWN
1340 558 36.22154055254967 978 DOWN
1340 559 36.124783736376884 977 DOWN
1340 560 36.05551275463989 976 DOWN
1340 561 36.013886210738214 975 DOWN
1340 562 36.0 974 DOWN
1340 563 36.013886210738214 973 DOWN
1340 564 36.05551275463989 972 DOWN
1340 565 37.05401462729781 1031 DOWN
1340 566 38.05259518088089 1037 DOWN
1340 567 39.05124837953327 1043 DOWN
1350 568 40.049968789001575 1049 DOWN
1350 569 41.048751503547585 1055 DOWN
1350 570 42.04759208325728 1061 DOWN
1350 571 43.04648650006177 1067 DOWN
1360 572 44.04543109109048 1073 DOWN
1360 573 45.044422518220834 1079 DOWN
1360 574 46.04345773288535 1085 DOWN
1360 575 47.042533945356304 1091 DOWN
1370 576 48.041648597857254 1109 DOWN
1370 577 48.041648597857254 1109 DOWN
1370 578 48.041648597857254 1109 DOWN
1370 579 48.041648597857254 1109 DOWN
1370 580 48.041648597857254 1109 DOWN
1370 581 48.041648597857254 1109 DOWN
1370 582 48.041648597857254 1109 DOWN
1370 583 48.041648597857254 1109 DOWN
1370 584 48.041648597857254 1109 DOWN
1370 585 48.041648597857254 1109 DOWN
1370 586 48.041648597857254 1109 LEFT
1370 587 48.093658625644196 1108 LEFT
1370 588 48.16637831516918 1107 LEFT
1370 589 48.25971404805462 1106 LEFT
1380 590 48.373546489791295 1105 LEFT
1380 591 48.507731342539614 1104 LEFT
1380 592 48.662100242385755 1103 LEFT
1380 593 48.83646178829912 1102 LEFT
1390 594 49.03060268852505 1101 LEFT
1390 595 49.24428900898052 1100 LEFT
1390 596 49.47726750741192 1099 LEFT
1390 597 62.36184731067546 1098 LEFT
1400 598 62.36184731067546 1097 LEFT
1400 599 62.0966987850401 1097 DOWN
1400 600 62.81719509815764 1127 DOWN
1400 601 63.56099432828282 1133 DOWN
1400 602 64.32728814430156 1139 DOWN
1410 603 65.11528238439882 1145 DOWN
1410 604 65.92419889539804 1151 DOWN
1410 605 66.75327707311455 1157 DOWN
1410 606 67.60177512462228 1163 DOWN
1420 607 68.46897107449476 1169 DOWN
1420 608 69.35416353759881 1175 LEFT
1420 609 70.25667228100119 1181 LEFT
1420 610 71.17583859709698 1187 LEFT
1430 611 72.11102550927978 1223 LEFT
1430 612 72.11102550927978 1222 LEFT
1430 613 72.11102550927978 1221 LEFT
1430 614 72.11102550927978 1220 LEFT
1440 615 72.11102550927978 1219 LEFT
1440 616 71.17583859709698 1218 LEFT
1440 617 70.25667228100119 1217 LEFT
1440 618 69.35416353759881 1216 LEFT
1450 619 68.46897107449476 1215 LEFT
1450 620 67.60177512462228 1214 LEFT
1450 621 66.75327707311455 1213 LEFT
1450 622 65.92419889539804 1212 LEFT
1460 623 65.11528238439882 1211 LEFT
1460 624 64.32728814430156 1210 LEFT
1460 625 63.56099432828282 1209 LEFT
1460 626 62.81719509815764 1208 LEFT
1470 627 62.0966987850401 1207 LEFT
1470 628 61.40032573203501 1206 LEFT
1470 629 60.728905802755904 1205 LEFT
1470 630 60.08327554319921 1204 LEFT
1480 631 59.464274989274024 1203 LEFT
1480 632 58.872744118140105 1202 LEFT
1480 633 58.309518948453004 1201 LEFT
1480 634 57.77542730261716 1200 LEFT
1490 635 57.271284253105414 1199 LEFT
1490 636 56.79788728465171 1198 LEFT
1490 637 56.356011214421486 1197 LEFT
1490 638 55.94640292279746 1196 LEFT
1500 639 55.569775957799216 1195 LEFT
1500 640 56.60388679233962 1194 LEFT
1500 641 57.688820407423826 1193 LEFT
1500 642 58.82176467941097 1192 UP
1510 643 60.0 1191 UP
1510 644 59.81638571495272 1185 UP
1510 645 59.665735560705194 1179 UP
1510 646 59.54829972383762 1173 UP
1520 647 59.464274989274024 1167 UP
1520 648 59.413803110051795 1161 UP
1520 649 59.39696961966999 1155 UP
1520 650 59.413803110051795 1149 UP
1570 651 58.0 1143 UP
1570 652 56.586217403180434 1137 UP
1570 653 55.90169943749474 1131 UP
1570 654 54.48853090330111 1125 UP
1580 655 53.81449618829484 1095 UP
1580 656 52.40229002629561 1089 UP
1580 657 51.73973328110612 1083 UP
1580 658 50.32891812864648 1077 UP
1590 659 49.678969393496885 1071 UP
1590 660 48.27007354458868 1065 UP
1590 661 47.634021455258214 1059 UP
1590 662 46.22769732530488 1053 UP
1600 663 45.60701700396552 1047 UP
1600 664 44.204072210600685 1041 UP
1600 665 43.60045871318328 1035 RIGHT
1600 666 42.20189569201838 1029 RIGHT
1610 667 41.617304093369626 928 RIGHT
1610 668 40.0 929 RIGHT
1610 669 39.20459156782532 930 RIGHT
1610 670 37.64306044943742 931 RIGHT
1620 671 36.87817782917155 932 RIGHT
1620 672 36.796738985948195 933 RIGHT
1620 673 36.069377593742864 934 RIGHT
1620 674 36.069377593742864 935 RIGHT
1620 675 35.38361202590826 936 RIGHT
1620 676 35.4682957019364 937 RIGHT
1620 677 34.828149534535996 938 RIGHT
1620 678 35.0 939 RIGHT
1620 679 34.40930106817051 940 RIGHT
1620 680 34.66987164671943 941 RIGHT
1620 681 34.132096331752024 942 DOWN
1620 682 34.48187929913333 943 DOWN
1620 683 34.0 944 DOWN
1620 684 34.438350715445125 945 DOWN
1620 685 34.0147027033899 946 DOWN
1620 686 34.539832078341085 947 DOWN
1620 687 34.17601498127012 948 DOWN
1620 688 36.05551275463989 1030 DOWN
1620 689 37.0 1036 DOWN
1620 690 38.897300677553446 1042 DOWN
1630 691 39.84971769034255 1048 DOWN
1630 692 41.7612260356422 1054 DOWN
1630 693 42.720018726587654 1060 DOWN
1630 694 44.64302857109943 1066 DOWN
1640 695 45.60701700396552 1072 DOWN
1640 696 47.53945729601885 1078 DOWN
1640 697 48.507731342539614 1084 DOWN
1640 698 50.44799302251776 1090 DOWN
1650 699 51.419840528729765 1096 DOWN
1650 700 53.36665625650534 1126 DOWN
1650 701 54.3415126767741 1132 DOWN
1650 702 56.293871780150276 1138 DOWN
1660 703 57.271284253105414 1144 DOWN
1660 704 59.22837157984339 1150 DOWN
1660 705 60.207972893961475 1156 DOWN
1660 706 62.16912416947821 1162 RIGHT
1670 707 63.150613615387776 1168 RIGHT
1670 708 65.11528238439882 1174 RIGHT
1670 709 66.09841147864296 1180 RIGHT
1670 710 68.06614430096654 1186 RIGHT
1670 711 69.05070600652827 1211 RIGHT
1670 712 69.87131027825369 1212 RIGHT
1670 713 69.72087205421343 1213 RIGHT
1670 714 70.57619995437555 1214 RIGHT
1670 715 70.45565981523414 1215 RIGHT
1670 716 71.34423592694787 1216 RIGHT
1670 717 71.25307010929424 1217 RIGHT
1670 718 72.17340230306452 1218 RIGHT
1670 719 72.11102550927978 1219 RIGHT
1670 720 73.06161783043132 1220 RIGHT
1670 721 73.02739212103907 1221 RIGHT
1670 722 74.00675644831355 1222 RIGHT
1670 723 74.0 1223 RIGHT
1670 724 75.0066663703967 1224 RIGHT
1670 725 75.02666192761077 1225 RIGHT
1670 726 76.05918747922567 1226 RIGHT
1680 727 76.10519036176179 1227 RIGHT
1680 728 77.1621668954417 1228 RIGHT
1680 729 77.23341245859851 1229 RIGHT
1680 730 78.31347265956222 1230 RIGHT
1690 731 78.40918313565064 1231 RIGHT
1690 732 79.51100552753688 1232 RIGHT
1690 733 79.63039620647382 1233 RIGHT
1690 734 80.75270893288967 1234 RIGHT
1700 735 80.89499366462674 1235 RIGHT
1700 736 82.03657720797473 1236 RIGHT
1700 737 82.20097323024831 1237 RIGHT
1700 738 83.3606621854697 1238 RIGHT
1710 739 83.54639429682169 1239 RIGHT
1710 740 84.72307831990054 1240 RIGHT
1710 741 84.92938243034621 1241 RIGHT
1710 742 86.12200647918046 1242 RIGHT
1720 743 86.34813257969161 1243 RIGHT
1720 744 86.34813257969161 1244 RIGHT
1720 745 86.58521813797087 1245 RIGHT
1720 746 86.58521813797087 1246 RIGHT
1730 747 86.83317338436964 1247 RIGHT
1730 748 86.83317338436964 1248 RIGHT
1730 749 87.09190547921202 1249 RIGHT
1730 750 87.09190547921202 1250 RIGHT
1740 751 87.36131867136622 1251 RIGHT
1740 752 87.36131867136622 1252 RIGHT
1740 753 87.64131445842195 1253 RIGHT
1740 754 87.64131445842195 1254 RIGHT
1750 755 87.93179174792243 1255 RIGHT
1750 756 87.93179174792243 1256 RIGHT
1750 757 88.23264701911646 1257 RIGHT
1750 758 88.23264701911646 1258 RIGHT
1760 759 88.54377448471462 1259 RIGHT
1760 760 88.54377448471462 1260 RIGHT
1760 761 88.86506625215557 1261 RIGHT
1760 762 88.86506625215557 1262 RIGHT
1770 763 89.19641248391103 1263 RIGHT
1770 764 89.19641248391103 1264 RIGHT
1770 765 89.5377015563835 1265 RIGHT
1770 766 89.5377015563835 1266 RIGHT
1780 767 89.88882021697692 1267 RIGHT
1780 768 91.18113840043894 1268 RIGHT
1780 769 91.54780172128658 1269 RIGHT
1780 770 92.84934033152847 1270 RIGHT
1790 771 93.23089616645332 1271 RIGHT
1790 772 94.54099639838793 1272 RIGHT
1790 773 94.93682109698007 1273 RIGHT
1790 774 96.25487000666512 1274 RIGHT
1800 775 96.66436778875658 1275 RIGHT
1800 776 97.98979538707079 1276 RIGHT
1800 777 98.41239759298622 1277 RIGHT
1800 778 99.74467404327912 1278 RIGHT
1810 779 100.17983829094555 1279 RIGHT
1810 780 101.51847122568385 1280 RIGHT
1810 781 101.96568050084302 1281 RIGHT
1810 782 103.31021246711285 1282 RIGHT
1820 783 103.76897416858277 1283 RIGHT
1820 784 105.11898020814318 1284 RIGHT
1820 785 105.58882516630251 1285 RIGHT
1820 786 106.94391053257777 1286 RIGHT
1830 787 107.42439201596628 1287 RIGHT
1830 788 108.78419002777932 1288 RIGHT
1830 789 109.27488274987991 1289 RIGHT
1830 790 110.63905277974861 1290 RIGHT
1840 791 111.13955191559843 1291 RIGHT
1840 792 112.0044641967453 1291 UP
1840 793 111.13955191559843 1190 UP
1840 794 111.13955191559843 1184 UP
1840 795 110.27692415006868 1178 UP
1850 796 110.27692415006868 1172 UP
1850 797 109.41663493271945 1166 UP
1850 798 109.41663493271945 1160 UP
1850 799 108.55873986004075 1154 UP
1900 800 106.85036265731624 1148 UP
1900 801 105.152270541344 1142 UP
1900 802 104.30723848324239 1136 UP
1900 803 102.62553288534 1130 UP
1910 804 101.78899744078434 1124 UP
1910 805 100.12492197250393 1094 UP
1910 806 99.29753269845128 1088 UP
1910 807 97.65244492586962 1082 UP
1920 808 96.83491106000976 1076 UP
1920 809 95.2102935611481 1070 UP
1920 810 94.40338976964757 1064 UP
1920 811 92.80086206496145 1058 UP
1930 812 92.00543462209176 1052 UP
1930 813 90.4267659490264 1046 UP
1930 814 89.64373932405988 1040 LEFT
1930 815 88.09086218218096 1034 LEFT
1940 816 87.32124598286491 1028 LEFT
1940 817 85.9127464349732 1027 LEFT
1940 818 85.27602242131137 1026 LEFT
1940 819 83.86894538504703 1025 LEFT
1950 820 83.24061508662703 1024 LEFT
1950 821 81.83520025025906 1023 LEFT
1950 822 81.21576201698781 1022 LEFT
1950 823 79.81227975693966 1021 LEFT
1960 824 79.20227269466452 1020 LEFT
1960 825 77.80102827083971 1019 LEFT
1960 826 77.20103626247513 1018 LEFT
1960 827 75.8023746329889 1017 LEFT
1970 828 75.21303078589507 1016 LEFT
1970 829 73.81734213584231 1015 LEFT
1970 830 73.23933369440222 1014 LEFT
1970 831 73.23933369440222 1013 LEFT
1980 832 72.67048919609665 1012 LEFT
1980 833 72.67048919609665 1011 LEFT
1980 834 72.11102550927978 1010 LEFT
1980 835 72.11102550927978 1009 LEFT
1990 836 71.56116265125938 1008 LEFT
1990 837 71.56116265125938 1007 LEFT
1990 838 71.02112361825881 1006 LEFT
1990 839 71.02112361825881 1005 LEFT
2000 840 70.49113419430843 1004 LEFT
2000 841 70.49113419430843 1003 LEFT
2000 842 69.9714227381436 1002 LEFT
2000 843 69.9714227381436 1001 LEFT
2010 844 69.46221994724903 1000 LEFT
2010 845 69.46221994724903 999 UP
2010 846 68.96375859826666 998 UP
2010 847 68.96375859826666 997 UP
2020 848 68.47627326307996 996 UP
2020 849 68.09552114493287 926 UP
2020 850 67.23094525588644 922 UP
2020 851 66.88796603276258 918 UP
2030 852 66.03786792439622 914 UP
2030 853 65.73431371817918 910 UP
2030 854 64.89992295835181 906 UP
2030 855 64.63745044476924 902 UP
2040 856 63.8200595424354 898 UP
2040 857 63.60031446463138 894 UP
2040 858 62.80127387243033 890 UP
2040 859 62.625873247404705 886 UP
2050 860 61.84658438426491 859 UP
2050 861 62.48199740725323 859 UP
2050 862 62.48199740725323 859 UP
2050 863 63.12685640834652 859 RIGHT
2050 864 63.7808748764079 860 RIGHT
2050 865 65.11528238439882 861 RIGHT
2050 866 65.79513659838392 862 RIGHT
2060 867 67.17886572427373 863 RIGHT
2260 868 67.88225099390856 864 RIGHT
2260 869 69.31089380465383 865 RIGHT
2260 870 70.03570517957252 866 RIGHT
2270 871 71.50524456289902 867 RIGHT
2270 872 72.24956747275377 868 RIGHT
2270 873 73.7563556583431 869 RIGHT
2270 874 74.51845409024533 870 RIGHT
2280 875 76.05918747922567 871 RIGHT
2280 876 76.83749084919418 872 RIGHT
2280 877 78.40918313565064 873 RIGHT
2280 878 79.20227269466452 874 RIGHT
2290 879 80.60397012554654 875 RIGHT
2290 880 81.40024569987489 876 RIGHT
2290 881 82.80096617793781 877 RIGHT
2290 882 83.60023923410746 878 RIGHT
2300 883 85.0 879 RIGHT
2300 884 85.80209787645055 880 RIGHT
2300 885 87.20091742636656 881 DOWN
2300 886 88.0056816347672 882 DOWN
2300 887 89.40357934669059 883 DOWN
2300 888 90.0 887 DOWN
2300 889 91.21403400793103 891 DOWN
2300 890 91.8313671900838 895 DOWN
2310 891 93.08598175880189 899 DOWN
2310 892 93.72299611087985 903 DOWN
2310 893 95.01578816175763 907 DOWN
2310 894 95.67131231461184 911 DOWN
2320 895 97.0 915 DOWN
2320 896 97.67292357659824 919 DOWN
2320 897 99.03534722511958 923 DOWN
2320 898 99.72462083156798 927 DOWN
2320 899 101.11874208078342 1020 LEFT
2320 900 100.40916292848975 1019 LEFT
2320 901 100.41912168506553 1018 LEFT
2320 902 99.72462083156798 1017 LEFT
2320 903 99.76472322419383 1016 LEFT
2320 904 99.08582138732059 1015 LEFT
2320 905 99.15644204992432 1014 LEFT
2320 906 98.49365461794989 1013 LEFT
2320 907 98.59513172565875 1012 LEFT
2320 908 97.94896630388705 1011 LEFT
2320 909 98.08159868191383 1010 LEFT
2320 910 97.45255255764212 1009 DOWN
2320 911 97.6165969494942 1008 DOWN
2320 912 98.40731680114035 1033 DOWN
2320 913 100.0 1039 DOWN
2320 914 100.80178569846865 1045 DOWN
2330 915 102.41581909060729 1051 DOWN
2330 916 103.22790320451152 1057 DOWN
2330 917 104.86181383134664 1063 DOWN
2330 918 105.68348972285122 1069 DOWN
2340 919 107.33592129385204 1075 DOWN
2340 920 108.16653826391968 1081 DOWN
2340 921 109.83624174196785 1087 DOWN
2340 922 110.6752004741803 1093 DOWN
2350 923 112.36102527122117 1123 DOWN
2350 924 113.20777358467925 1129 DOWN
2350 925 114.9086593777858 1135 DOWN
2350 926 115.76268828944843 1141 DOWN
2360 927 117.47765745025733 1147 DOWN
2360 928 118.33849753989612 1153 DOWN
2360 929 120.06664815842908 1159 DOWN
2360 930 120.93386622447825 1165 DOWN
2370 931 122.67436570041843 1171 DOWN
2370 932 123.54756169184401 1177 DOWN
2370 933 125.29964086141668 1183 DOWN
2370 934 126.17844506887855 1189 DOWN
2370 935 127.534309109353 1271 DOWN
2370 936 127.534309109353 1271 LEFT
2370 937 127.534309109353 1270 LEFT
2370 938 127.05904139414872 1269 LEFT
2370 939 127.05904139414872 1268 LEFT
2370 940 126.58988901172162 1267 LEFT
2370 941 126.58988901172162 1266 LEFT
2370 942 126.1269202034205 1265 LEFT
2370 943 126.1269202034205 1264 LEFT
2370 944 125.67020331009256 1263 LEFT
2370 945 125.67020331009256 1262 LEFT
2370 946 125.21980673998823 1261 LEFT
2370 947 125.21980673998823 1260 UP
2370 948 124.77579893553076 1259 UP
2370 949 124.32618388738553 1188 UP
2370 950 123.43419299367578 1182 UP
2370 951 123.00406497347964 1176 UP
2380 952 122.11879462228572 1170 UP
2380 953 121.70866854912184 1164 UP
2380 954 120.83045973594572 1158 UP
2380 955 120.44085685513866 1152 UP
2390 956 119.57006314291216 1146 UP
2390 957 119.20151005754919 1140 UP
2390 958 118.33849753989612 1134 UP
2390 959 117.99152511939153 1128 UP
2400 960 117.13667231059623 1122 LEFT
2400 961 117.13667231059623 1121 LEFT
2400 962 116.61903789690601 1120 LEFT
2400 963 116.61903789690601 1119 LEFT
2410 964 116.1077086157504 1118 LEFT
2410 965 116.1077086157504 1117 LEFT
2410 966 115.6027681329474 1116 LEFT
2410 967 115.6027681329474 1115 LEFT
2420 968 115.10430052782563 1114 LEFT
2420 969 115.10430052782563 1113 LEFT
2420 970 114.61239025515522 1112 LEFT
2420 971 114.61239025515522 1111 LEFT
2430 972 114.12712210513327 1110 UP
2430 973 113.74093370462545 1092 UP
2430 974 112.8716084761797 1086 UP
2430 975 111.13955191559843 1080 UP
2440 976 110.27692415006868 1074 UP
2440 977 108.55873986004075 1068 UP
2440 978 107.70329614269008 1062 UP
2440 979 106.0 1056 UP
2450 980 105.152270541344 1050 UP
2450 981 103.46496991735899 1044 UP
2450 982 102.62553288534 1038 UP
2450 983 100.9554357129917 1032 UP
2460 984 100.12492197250393 984 UP
2460 985 99.29753269845128 984 RIGHT
2460 986 99.86490875177326 985 RIGHT
2460 987 99.62429422585637 986 RIGHT
2460 988 100.20977996183805 987 RIGHT
2470 989 100.0 988 RIGHT
2470 990 100.60318086422517 989 RIGHT
2470 991 100.42410069301094 990 RIGHT
2470 992 101.04454463255303 991 RIGHT
2480 993 100.89598604503551 992 RIGHT
2480 994 101.53324578678651 993 RIGHT
2480 995 101.41498903022176 994 RIGHT
2480 996 102.06860437960343 995 LEFT
2480 997 100.65783625729296 994 LEFT
2480 998 100.00499987500625 993 LEFT
2480 999 98.71676655968832 992 LEFT
2480 1000 97.45255255764212 991 LEFT
2480 1001 96.21330469326995 990 LEFT
2480 1002 95.0 989 LEFT
2480 1003 93.81364506296512 988 LEFT
2480 1004 92.65527507918802 987 LEFT
2480 1005 91.52595260361949 986 LEFT
2480 1006 90.4267659490264 985 LEFT
2480 1007 89.04493247793498 984 LEFT
2480 1008 87.66413177577246 983 LEFT
2480 1009 86.28441342444185 982 LEFT
2480 1010 84.90583018850944 981 LEFT
2480 1011 83.52843827104634 980 LEFT
2480 1012 82.15229759416349 979 LEFT
2480 1013 80.77747210701756 978 LEFT
2480 1014 79.40403012442127 977 LEFT
2480 1015 78.03204469959762 976 LEFT
2480 1016 76.66159403508382 975 LEFT
2480 1017 75.29276193632427 974 LEFT
2480 1018 73.92563831310488 973 LEFT
2480 1019 72.56031973468694 972 LEFT
2480 1020 71.19691004531025 971 LEFT
2480 1021 69.83552104767315 970 LEFT
2480 1022 68.47627326307996 969 LEFT
2480 1023 67.11929677819934 968 LEFT
2480 1024 65.76473218982953 967 LEFT
2480 1025 64.41273166075166 966 LEFT
2480 1026 63.06346010171025 965 LEFT
2480 1027 61.71709649683789 964 LEFT
2480 1028 60.37383539249432 963 LEFT
2480 1029 59.033888572581766 962 LEFT
2480 1030 57.697486947006624 961 UP
2480 1031 56.36488268416781 960 UP
2480 1032 54.56189146281496 925 UP
2480 1033 52.773099207835045 921 UP
2480 1034 51.0 917 UP
2490 1035 49.24428900898052 913 UP
2490 1036 47.50789408087881 909 UP
2490 1037 45.79301256742124 905 UP
2490 1038 44.10215414239989 901 UP
2500 1039 42.43819034784589 897 UP
2500 1040 40.80441152620633 893 UP
2500 1041 39.20459156782532 889 UP
2500 1042 37.64306044943742 885 LEFT
2510 1043 36.124783736376884 834 LEFT
2510 1044 34.713109915419565 833 LEFT
2510 1045 33.301651610693426 832 LEFT
2510 1046 31.89043743820395 831 LEFT
2520 1047 30.479501308256342 830 LEFT
2520 1048 29.068883707497267 829 LEFT
2520 1049 27.65863337187866 828 LEFT
2520 1050 26.248809496813376 827 LEFT
2530 1051 24.839484696748443 826 LEFT
2530 1052 23.430749027719962 825 LEFT
2530 1053 22.02271554554524 824 LEFT
2530 1054 20.615528128088304 823 LEFT
2540 1055 19.209372712298546 822 LEFT
2540 1056 17.804493814764857 821 LEFT
2540 1057 16.401219466856727 820 LEFT
2540 1058 15.0 819 LEFT
2550 1059 13.601470508735444 818 LEFT
2550 1060 12.206555615733702 817 LEFT
2550 1061 10.816653826391969 816 LEFT
2550 1062 9.433981132056603 815 LEFT
2560 1063 8.06225774829855 814 LEFT
2560 1064 6.708203932499369 813 LEFT
2560 1065 5.385164807134504 812 LEFT
2560 1066 4.123105625617661 811 LEFT
2560 1067 3.0 810 LEFT
2560 1068 36.22154055254967 978 LEFT
2560 1069 36.124783736376884 977 LEFT
2560 1070 36.05551275463989 976 LEFT
2560 1071 36.013886210738214 975 LEFT
2560 1072 36.0 974 LEFT
2560 1073 36.013886210738214 973 LEFT
2560 1074 36.05551275463989 972 LEFT
2560 1075 36.124783736376884 971 LEFT
2560 1076 36.22154055254967 970 LEFT
2560 1077 36.345563690772494 969 LEFT
2560 1078 36.49657518178932 968 LEFT
2560 1079 36.6742416417845 967 LEFT
2560 1080 36.87817782917155 966 LEFT
2560 1081 37.107950630558946 965 LEFT
2560 1082 37.36308338453881 964 LEFT
2560 1083 37.64306044943742 963 LEFT
2560 1084 37.94733192202055 962 LEFT
2560 1085 38.27531841800928 961 LEFT
2560 1086 38.62641583165593 960 LEFT
2560 1087 39.0 959 LEFT
2560 1088 39.395431207184416 958 LEFT
2560 1089 39.81205847478876 957 LEFT
2560 1090 40.24922359499622 956 LEFT
2560 1091 40.70626487409524 955 LEFT
2560 1092 41.182520563948 954 LEFT
2560 1093 41.677331968349414 953 LEFT
2560 1094 42.190046219457976 952 LEFT
2560 1095 42.720018726587654 951 LEFT
2560 1096 43.266615305567875 950 LEFT
2560 1097 43.829214001622255 949 LEFT
2560 1098 44.40720662234904 948 LEFT
2560 1099 45.0 947 LEFT
2560 1100 45.60701700396552 946 LEFT
2560 1101 46.22769732530488 945 LEFT
2560 1102 46.861498055439924 944 LEFT
2560 1103 47.50789408087881 943 LEFT
2560 1104 48.16637831516918 942 LEFT
2560 1105 48.83646178829912 941 LEFT
2560 1106 49.51767361255979 940 LEFT
2560 1107 61.84658438426491 939 LEFT
2560 1108 61.84658438426491 938 LEFT
2560 1109 61.84658438426491 937 LEFT
2560 1110 61.84658438426491 936 LEFT
2560 1111 61.84658438426491 935 LEFT
2560 1112 61.84658438426491 934 LEFT
2560 1113 61.84658438426491 933 LEFT
2560 1114 61.84658438426491 932 LEFT
2560 1115 61.84658438426491 931 UP
2560 1116 61.84658438426491 930 UP
2560 1117 61.84658438426491 929 UP
2560 1118 61.84658438426491 928 UP
2560 1119 61.220911460055866 928 UP
2560 1120 60.60528029800704 928 UP
2560 1121 60.0 928 UP
2560 1122 59.405386961116584 928 UP
2560 1123 58.82176467941097 928 UP
2560 1124 58.249463516842795 928 RIGHT
2560 1125 57.14017850864661 929 RIGHT
2560 1126 55.758407437802596 930 RIGHT
2560 1127 54.378304497290095 931 RIGHT
2560 1128 53.0 932 RIGHT
2560 1129 51.62363799656123 933 RIGHT
2560 1130 50.24937810560445 934 UP
2560 1131 48.877397639399746 935 UP
2560 1132 47.50789408087881 936 UP
2560 1133 45.79301256742124 924 UP
2560 1134 44.10215414239989 920 UP
2560 1135 42.43819034784589 916 UP
2560 1136 40.80441152620633 912 UP
2560 1137 39.20459156782532 908 UP
2560 1138 37.8021163428716 904 UP
2560 1139 36.40054944640259 900 UP
2560 1140 35.0 896 UP
2560 1141 33.60059523282288 892 UP
2560 1142 32.202484376209235 888 UP
2560 1143 30.805843601498726 884 UP
2560 1144 29.410882339705484 810 UP
2560 1145 28.0178514522438 806 UP
2560 1146 26.627053911388696 802 UP
2560 1147 25.238858928247925 798 UP
2560 1148 23.853720883753127 794 UP
2560 1149 22.47220505424423 790 UP
2560 1150 20.808652046684813 786 UP
2560 1151 19.209372712298546 782 UP
2560 1152 17.69180601295413 778 UP
2560 1153 16.278820596099706 774 UP
2560 1154 15.0 770 UP
2560 1155 13.892443989449804 766 UP
2560 1156 13.0 691 UP
2560 1157 12.36931687685298 673 UP
2560 1158 12.041594578792296 667 UP
2560 1159 12.041594578792296 661 UP
2560 1160 12.36931687685298 655 UP
2560 1161 13.0 649 UP
2560 1162 12.529964086141668 643 UP
2560 1163 12.206555615733702 637 UP
2560 1164 12.041594578792296 631 UP
2560 1165 12.041594578792296 625 UP
2560 1166 12.206555615733702 619 UP
2560 1167 12.529964086141668 613 UP
2560 1168 13.0 585 UP
2560 1169 13.601470508735444 581 UP
2560 1170 14.317821063276353 577 UP
2560 1171 15.132745950421556 573 UP
2560 1172 16.0312195418814 569 UP
2560 1173 17.0 565 UP
2560 1174 17.0 561 RIGHT
2560 1175 17.0 557 RIGHT
2560 1176 17.0 553 RIGHT
2560 1177 17.0 549 RIGHT
2560 1178 17.0 545 RIGHT
2560 1179 17.0 541 RIGHT
2560 1180 17.0 456 RIGHT
2560 1181 16.0312195418814 457 RIGHT
2560 1182 15.132745950421556 458 RIGHT
2560 1183 14.317821063276353 459 RIGHT
