0 0 36.22154055254967 978 NEUTRAL
0 1 36.124783736376884 977 NEUTRAL
0 2 36.05551275463989 976 NEUTRAL
0 3 36.013886210738214 975 NEUTRAL
0 4 36.0 974 NEUTRAL
0 5 36.013886210738214 973 NEUTRAL
10 6 36.05551275463989 972 NEUTRAL
10 7 36.124783736376884 971 NEUTRAL
10 8 36.22154055254967 970 NEUTRAL
10 9 36.345563690772494 969 NEUTRAL
20 10 36.49657518178932 968 NEUTRAL
20 11 36.6742416417845 967 NEUTRAL
20 12 36.87817782917155 966 NEUTRAL
20 13 37.107950630558946 965 NEUTRAL
30 14 37.36308338453881 964 NEUTRAL
30 15 37.64306044943742 963 NEUTRAL
30 16 37.94733192202055 962 NEUTRAL
30 17 38.27531841800928 961 NEUTRAL
40 18 38.62641583165593 960 UP
40 19 37.69615364994153 925 UP
40 20 36.76955262170047 921 UP
40 21 35.84689665786984 917 UP
50 22 34.92849839314596 913 UP
50 23 34.0147027033899 909 UP
50 24 33.1058907144937 905 UP
50 25 32.202484376209235 901 UP
60 26 31.304951684997057 897 UP
60 27 30.4138126514911 893 UP
60 28 29.5296461204668 889 LEFT
60 29 28.653097563788805 885 LEFT
70 30 27.784887978899608 834 LEFT
70 31 28.30194339616981 833 LEFT
70 32 28.844410203711913 832 LEFT
70 33 29.410882339705484 831 LEFT
80 34 30.0 830 LEFT
80 35 30.610455730027933 829 LEFT
80 36 31.240998703626616 828 LEFT
80 37 31.89043743820395 827 LEFT
90 38 32.55764119219941 826 LEFT
90 39 33.24154027718932 825 LEFT
90 40 45.60701700396552 824 LEFT
90 41 45.60701700396552 823 LEFT
100 42 45.60701700396552 822 LEFT
100 43 45.60701700396552 821 LEFT
100 44 45.60701700396552 820 LEFT
100 45 45.60701700396552 819 LEFT
110 46 45.60701700396552 818 LEFT
110 47 45.60701700396552 817 LEFT
110 48 45.60701700396552 816 LEFT
110 49 45.60701700396552 815 LEFT
120 50 45.60701700396552 814 UP
120 51 45.60701700396552 813 UP
120 52 45.60701700396552 812 UP
120 53 45.60701700396552 811 UP
130 54 45.60701700396552 810 UP
130 55 44.204072210600685 806 UP
130 56 42.80186911806539 802 UP
130 57 41.400483088968905 798 UP
140 58 40.0 794 UP
140 59 38.41874542459709 790 UP
140 60 36.87817782917155 786 UP
140 61 35.38361202590826 782 UP
150 62 33.94112549695428 778 UP
150 63 32.55764119219941 774 UP
150 64 31.240998703626616 770 UP
150 65 30.0 766 UP
160 66 28.844410203711913 691 UP
160 67 27.784887978899608 673 UP
160 68 26.832815729997478 667 UP
160 69 26.0 661 UP
170 70 25.298221281347036 655 UP
170 71 24.041630560342615 649 UP
170 72 22.80350850198276 643 UP
170 73 21.587033144922902 637 UP
180 74 20.396078054371138 631 UP
180 75 19.235384061671343 625 UP
180 76 18.110770276274835 619 UP
180 77 17.029386365926403 613 UP
190 78 16.0 585 UP
190 79 15.033296378372908 581 UP
190 80 14.142135623730951 577 UP
190 81 13.341664064126334 573 UP
200 82 12.649110640673518 569 UP
200 83 13.416407864998739 565 UP
200 84 14.422205101855956 561 UP
200 85 15.620499351813308 557 UP
210 86 16.97056274847714 553 UP
210 87 18.439088914585774 549 UP
210 88 20.0 545 UP
210 89 21.633307652783937 541 UP
220 90 23.323807579381203 456 UP
220 91 25.059928172283335 452 UP
220 92 26.832815729997478 448 UP
220 93 28.635642126552707 444 UP
230 94 30.463092423455635 440 UP
230 95 31.016124838541646 436 UP
230 96 31.622776601683793 432 UP
230 97 32.28002478313795 428 UP
240 98 32.984845004941285 424 UP
240 99 33.734255586866 420 UP
240 100 34.52535300326414 416 UP
240 101 35.35533905932738 412 UP
250 102 36.22154055254967 348 UP
250 103 37.12142238654117 330 UP
250 104 38.05259518088089 324 UP
250 105 39.01281840626232 318 UP
260 106 40.0 312 UP
260 107 40.0 306 UP
260 108 40.0 300 UP
260 109 40.0 294 UP
270 110 40.0 288 UP
270 111 40.0 282 UP
270 112 40.0 276 UP
270 113 40.0 270 UP
280 114 40.0 264 RIGHT
280 115 40.0 258 RIGHT
280 116 40.0 252 RIGHT
280 117 40.0 246 RIGHT
290 118 40.0 153 RIGHT
290 119 39.01281840626232 154 RIGHT
290 120 38.05259518088089 155 RIGHT
290 121 37.12142238654117 156 RIGHT
300 122 36.22154055254967 157 RIGHT
300 123 35.35533905932738 158 RIGHT
300 124 34.52535300326414 159 RIGHT
300 125 33.734255586866 160 RIGHT
310 126 32.984845004941285 161 RIGHT
310 127 32.28002478313795 162 RIGHT
310 128 31.622776601683793 163 RIGHT
310 129 31.016124838541646 164 RIGHT
320 130 30.463092423455635 165 RIGHT
320 131 30.463092423455635 166 RIGHT
320 132 30.463092423455635 167 RIGHT
320 133 30.463092423455635 168 RIGHT
330 134 30.463092423455635 169 RIGHT
330 135 30.463092423455635 170 RIGHT
330 136 30.463092423455635 171 RIGHT
330 137 30.463092423455635 172 RIGHT
340 138 30.463092423455635 173 RIGHT
340 139 30.463092423455635 174 RIGHT
340 140 30.463092423455635 175 RIGHT
340 141 30.463092423455635 176 RIGHT
350 142 30.463092423455635 177 RIGHT
350 143 30.463092423455635 178 RIGHT
350 144 30.463092423455635 179 RIGHT
350 145 30.463092423455635 180 RIGHT
360 146 30.463092423455635 181 RIGHT
360 147 30.463092423455635 182 RIGHT
360 148 30.463092423455635 183 RIGHT
360 149 30.463092423455635 184 RIGHT
370 150 30.463092423455635 185 RIGHT
370 151 30.463092423455635 186 RIGHT
370 152 30.463092423455635 187 RIGHT
370 153 30.463092423455635 188 RIGHT
380 154 30.463092423455635 189 RIGHT
380 155 29.966648127543394 190 RIGHT
380 156 29.5296461204668 191 RIGHT
380 157 29.154759474226502 192 RIGHT
390 158 28.844410203711913 193 RIGHT
390 159 28.600699292150182 194 RIGHT
390 160 28.42534080710379 195 RIGHT
390 161 28.319604517012593 196 RIGHT
400 162 28.284271247461902 197 RIGHT
400 163 28.319604517012593 198 RIGHT
400 164 28.42534080710379 199 RIGHT
400 165 28.600699292150182 200 RIGHT
410 166 28.844410203711913 201 RIGHT
410 167 28.844410203711913 202 RIGHT
410 168 28.844410203711913 203 RIGHT
410 169 28.844410203711913 204 RIGHT
420 170 28.844410203711913 205 RIGHT
420 171 28.844410203711913 206 RIGHT
420 172 28.844410203711913 207 RIGHT
420 173 28.844410203711913 208 RIGHT
430 174 28.844410203711913 209 RIGHT
430 175 28.844410203711913 210 RIGHT
430 176 28.844410203711913 211 RIGHT
430 177 28.844410203711913 212 RIGHT
440 178 28.844410203711913 213 RIGHT
440 179 29.154759474226502 214 RIGHT
440 180 29.5296461204668 215 RIGHT
440 181 29.966648127543394 216 RIGHT
450 182 30.463092423455635 217 RIGHT
450 183 31.016124838541646 218 RIGHT
450 184 31.622776601683793 219 RIGHT
450 185 32.28002478313795 220 RIGHT
460 186 32.984845004941285 221 RIGHT
460 187 33.734255586866 222 RIGHT
460 188 34.52535300326414 223 RIGHT
460 189 35.35533905932738 224 RIGHT
470 190 36.22154055254967 225 RIGHT
470 191 37.33630940518894 226 RIGHT
470 192 38.47076812334269 227 RIGHT
470 193 39.6232255123179 228 RIGHT
480 194 40.792156108742276 229 RIGHT
480 195 41.97618372363071 230 RIGHT
480 196 43.174066289845804 231 RIGHT
480 197 44.384682042344295 232 RIGHT
490 198 45.60701700396552 233 RIGHT
490 199 46.84015371452148 234 RIGHT
490 200 48.08326112068523 235 RIGHT
490 201 49.33558553417604 236 RIGHT
500 202 50.59644256269407 237 RIGHT
500 203 52.49761899362675 238 RIGHT
500 204 54.405882034941776 239 RIGHT
500 205 56.32051136131489 240 RIGHT
510 206 58.240879114244144 241 RIGHT
510 207 60.166435825965294 242 RIGHT
510 208 62.0966987850401 243 UP
510 209 64.03124237432849 244 UP
520 210 65.96969000988257 245 UP
520 211 67.1863081289633 144 UP
520 212 68.41052550594829 138 UP
520 213 69.6419413859206 132 UP
530 214 70.8801805866774 126 UP
530 215 71.47027354082255 120 UP
530 216 72.11102550927978 114 UP
530 217 72.80109889280519 108 UP
580 218 72.80109889280519 102 UP
580 219 72.80109889280519 96 UP
580 220 73.16419889536138 90 LEFT
580 221 73.16419889536138 84 LEFT
590 222 73.53910524340094 78 LEFT
590 223 73.53910524340094 77 LEFT
590 224 72.61542535852834 76 LEFT
590 225 72.61542535852834 75 LEFT
600 226 71.69379331573968 74 LEFT
600 227 71.69379331573968 73 LEFT
600 228 70.77428911688199 72 LEFT
600 229 70.77428911688199 71 LEFT
610 230 69.85699678629192 70 LEFT
610 231 69.85699678629192 69 LEFT
610 232 68.94200461257273 68 LEFT
610 233 68.94200461257273 67 LEFT
620 234 68.0294054067798 66 LEFT
620 235 68.0294054067798 65 LEFT
620 236 67.11929677819934 64 LEFT
620 237 67.11929677819934 63 LEFT
630 238 66.2117814289874 62 LEFT
630 239 66.2117814289874 61 LEFT
630 240 65.30696746902278 60 DOWN
630 241 65.30696746902278 59 DOWN
640 242 64.40496875241847 58 DOWN
640 243 64.88451279003334 83 DOWN
640 244 64.47480127925948 89 DOWN
640 245 65.0 95 DOWN
650 246 64.62197768561404 101 DOWN
650 247 63.90618123468183 107 DOWN
650 248 63.56886030125127 113 DOWN
650 249 62.93647591023825 119 DOWN
660 250 62.6418390534633 125 DOWN
660 251 62.0966987850401 131 LEFT
660 252 61.84658438426491 137 LEFT
660 253 61.39218191268331 143 LEFT
660 254 61.18823416311342 225 LEFT
660 255 60.01666435249463 224 LEFT
660 256 59.033888572581766 223 LEFT
660 257 57.87054518492115 222 LEFT
660 258 56.88585061331157 221 LEFT
660 259 55.731499172371095 220 LEFT
660 260 54.74486277268398 219 LEFT
660 261 53.600373133029585 218 LEFT
660 262 52.61178575186362 217 LEFT
660 263 51.478150704935004 216 LEFT
660 264 50.48762224545735 215 LEFT
660 265 49.36598018878993 214 LEFT
660 266 48.373546489791295 213 LEFT
660 267 47.265209192385896 212 LEFT
660 268 46.2709412050371 211 LEFT
660 269 45.17742799230607 210 LEFT
660 270 44.181444068749045 209 LEFT
660 271 43.104524124504614 208 LEFT
660 272 42.1070065428546 207 LEFT
660 273 41.048751503547585 206 LEFT
660 274 40.049968789001575 205 LEFT
660 275 39.01281840626232 204 LEFT
660 276 38.01315561749642 203 LEFT
660 277 37.0 202 LEFT
660 278 36.0 201 LEFT
660 279 35.014282800023196 200 LEFT
660 280 34.0147027033899 199 LEFT
660 281 33.06055050963308 198 LEFT
660 282 32.0624390837628 197 LEFT
660 283 31.144823004794873 196 LEFT
660 284 30.14962686336267 195 LEFT
660 285 29.274562336608895 194 LEFT
660 286 28.284271247461902 193 LEFT
660 287 27.459060435491963 192 LEFT
660 288 26.476404589747453 191 LEFT
660 289 25.709920264364882 190 LEFT
660 290 24.73863375370596 189 LEFT
660 291 24.041630560342615 188 LEFT
660 292 23.08679276123039 187 LEFT
660 293 22.47220505424423 186 LEFT
660 294 21.540659228538015 185 LEFT
660 295 21.02379604162864 184 LEFT
660 296 20.12461179749811 183 LEFT
660 297 19.72308292331602 182 LEFT
660 298 18.867962264113206 181 LEFT
660 299 18.601075237738275 180 LEFT
660 300 17.804493814764857 179 LEFT
660 301 17.69180601295413 178 LEFT
660 302 16.97056274847714 177 LEFT
660 303 16.97056274847714 176 LEFT
660 304 16.278820596099706 175 UP
660 305 16.278820596099706 174 UP
660 306 15.620499351813308 173 UP
660 307 15.620499351813308 172 UP
660 308 15.0 171 UP
660 309 15.0 170 UP
660 310 14.422205101855956 169 UP
660 311 14.422205101855956 168 UP
660 312 13.892443989449804 167 UP
660 313 13.892443989449804 166 UP
660 314 13.416407864998739 165 UP
660 315 13.038404810405298 140 UP
660 316 12.206555615733702 134 UP
660 317 12.041594578792296 128 UP
670 318 11.313708498984761 122 UP
670 319 11.40175425099138 116 UP
670 320 10.816653826391969 110 UP
670 321 11.180339887498949 104 UP
680 322 10.770329614269007 98 UP
680 323 11.40175425099138 92 UP
680 324 11.180339887498949 86 UP
680 325 12.041594578792296 80 LEFT
690 326 12.0 20 LEFT
690 327 12.0 19 LEFT
690 328 11.0 18 LEFT
690 329 11.0 17 LEFT
700 330 10.0 16 LEFT
700 331 10.0 15 LEFT
700 332 9.0 14 LEFT
700 333 9.0 13 LEFT
710 334 8.0 12 LEFT
710 335 8.0 11 LEFT
710 336 7.0 10 LEFT
710 337 7.0 9 LEFT
720 338 6.0 8 LEFT
720 339 6.0 7 LEFT
720 340 5.0 6 LEFT
720 341 5.0 5 LEFT
730 342 4.0 4 DOWN
730 343 3.1622776601683795 3 DOWN
730 344 2.23606797749979 2 DOWN
730 345 2.23606797749979 1 DOWN
940 346 69.42621983083913 0 DOWN
940 347 68.6804193347711 79 DOWN
940 348 67.94115100585212 85 DOWN
940 349 67.20863039818622 91 DOWN
990 350 66.48308055437865 97 DOWN
990 351 65.76473218982953 103 DOWN
990 352 65.05382386916237 109 DOWN
990 353 64.35060217278468 115 DOWN
1000 354 63.655321851358195 121 DOWN
1000 355 62.96824596572466 127 DOWN
1200 356 62.289646009589745 133 DOWN
1200 357 61.61980201201558 139 DOWN
1210 358 60.959002616512684 145 RIGHT
1210 359 60.207972893961475 146 RIGHT
1210 360 59.464274989274024 147 RIGHT
1210 361 58.728187440104094 148 RIGHT
1220 362 58.0 149 RIGHT
1220 363 57.28001396647874 150 RIGHT
1220 364 56.568542494923804 151 RIGHT
1220 365 55.86591089385369 152 RIGHT
1220 366 55.17245689653489 153 RIGHT
1220 367 54.48853090330111 154 RIGHT
1220 368 53.81449618829484 155 RIGHT
1220 369 53.150729063673246 156 RIGHT
1220 370 52.49761899362675 157 RIGHT
1220 371 51.85556864985669 158 RIGHT
1220 372 51.22499389946279 159 RIGHT
1220 373 50.60632371551998 160 RIGHT
1220 374 50.0 161 RIGHT
1220 375 49.4064773081425 162 RIGHT
1220 376 48.82622246293481 163 RIGHT
1220 377 48.25971404805462 164 RIGHT
1220 378 47.70744176750625 165 RIGHT
1220 379 47.16990566028302 166 RIGHT
1220 380 46.647615158762406 167 RIGHT
1220 381 46.14108798023731 168 RIGHT
1220 382 45.65084884205331 169 RIGHT
1220 383 45.17742799230607 170 RIGHT
1220 384 44.721359549995796 171 RIGHT
1220 385 36.235341863986875 172 UP
1220 386 35.0 173 UP
1220 387 33.83784863137726 174 UP
1220 388 32.7566787083184 175 UP
1220 389 31.76476034853718 176 UP
1220 390 30.870698080866262 177 UP
1220 391 31.38470965295043 141 UP
1220 392 31.953090617340916 135 UP
1220 393 32.57299494980466 129 UP
1230 394 33.24154027718932 123 UP
1230 395 33.95585369269929 117 UP
1630 396 34.713109915419565 111 UP
1630 397 35.510561809129406 105 UP
1640 398 36.345563690772494 99 UP
1640 399 37.21558813185679 93 UP
1640 400 38.118237105091836 87 UP
1640 401 39.05124837953327 81 RIGHT
1650 402 40.01249804748511 21 RIGHT
1650 403 40.01249804748511 22 RIGHT
1650 404 39.05124837953327 23 RIGHT
1650 405 38.118237105091836 24 RIGHT
1660 406 37.21558813185679 25 RIGHT
1660 407 36.345563690772494 26 RIGHT
1660 408 35.510561809129406 27 RIGHT
1660 409 34.713109915419565 28 RIGHT
1670 410 33.95585369269929 29 RIGHT
1670 411 33.24154027718932 30 RIGHT
1670 412 32.57299494980466 31 RIGHT
1670 413 31.953090617340916 32 RIGHT
1680 414 31.38470965295043 33 RIGHT
1680 415 30.870698080866262 34 RIGHT
1680 416 30.870698080866262 35 RIGHT
1680 417 30.870698080866262 36 RIGHT
1690 418 30.870698080866262 37 RIGHT
1690 419 30.870698080866262 38 RIGHT
1690 420 30.870698080866262 39 RIGHT
1690 421 30.870698080866262 40 RIGHT
1700 422 30.870698080866262 41 RIGHT
1700 423 30.870698080866262 42 RIGHT
1700 424 30.870698080866262 43 RIGHT
1700 425 30.870698080866262 44 RIGHT
1710 426 30.870698080866262 45 RIGHT
1710 427 30.870698080866262 46 RIGHT
1710 428 30.4138126514911 47 RIGHT
1710 429 30.01666203960727 48 RIGHT
1720 430 29.68164415931166 49 RIGHT
1720 431 29.410882339705484 50 RIGHT
1720 432 29.206163733020468 51 RIGHT
1720 433 29.068883707497267 52 RIGHT
1730 434 29.0 53 RIGHT
1730 435 29.0 54 RIGHT
1730 436 29.068883707497267 55 DOWN
1730 437 29.206163733020468 56 DOWN
1740 438 29.410882339705484 57 DOWN
1740 439 28.30194339616981 82 DOWN
1740 440 27.294688127912362 88 DOWN
1740 441 26.40075756488817 94 DOWN
1750 442 25.632011235952593 100 DOWN
1750 443 25.0 106 DOWN
1750 444 23.769728648009426 112 DOWN
1750 445 22.561028345356956 118 DOWN
1760 446 21.37755832643195 124 DOWN
1760 447 20.223748416156685 130 DOWN
1760 448 19.1049731745428 136 DOWN
1760 449 18.027756377319946 142 DOWN
1760 450 17.0 213 RIGHT
1760 451 17.0 214 RIGHT
1760 452 17.0 215 RIGHT
1760 453 17.0 216 RIGHT
1760 454 17.0 217 RIGHT
1760 455 17.0 218 RIGHT
1760 456 17.0 219 RIGHT
1760 457 17.0 220 RIGHT
1760 458 17.0 221 RIGHT
1760 459 17.0 222 RIGHT
1760 460 17.0 223 RIGHT
1760 461 17.0 224 RIGHT
1760 462 17.0 225 RIGHT
1760 463 17.0 226 RIGHT
1760 464 17.0 227 RIGHT
1760 465 17.0 228 RIGHT
1760 466 17.0 229 RIGHT
1760 467 17.0 230 RIGHT
1760 468 17.0 231 RIGHT
1760 469 17.0 232 RIGHT
1760 470 17.0 233 RIGHT
1760 471 17.0 234 DOWN
1760 472 17.0 235 DOWN
1760 473 17.0 236 DOWN
1760 474 17.0 237 DOWN
1760 475 16.0312195418814 251 DOWN
1760 476 15.132745950421556 257 DOWN
1760 477 14.317821063276353 263 DOWN
1770 478 13.601470508735444 269 DOWN
1770 479 13.0 275 DOWN
1770 480 12.529964086141668 281 DOWN
1770 481 12.206555615733702 287 DOWN
1780 482 12.041594578792296 293 DOWN
1780 483 12.041594578792296 299 DOWN
1780 484 12.206555615733702 305 DOWN
1780 485 12.529964086141668 311 DOWN
1790 486 13.0 317 DOWN
1790 487 13.601470508735444 323 DOWN
1790 488 14.317821063276353 329 DOWN
1790 489 15.132745950421556 335 DOWN
1800 490 16.0312195418814 399 DOWN
1800 491 17.0 415 DOWN
1800 492 17.0 419 DOWN
1800 493 17.0 423 DOWN
1810 494 17.0 427 DOWN
1810 495 17.0 431 DOWN
1810 496 17.0 435 DOWN
1810 497 17.0 439 DOWN
1820 498 17.0 443 DOWN
1820 499 17.0 447 DOWN
1820 500 17.0 451 DOWN
1820 501 17.0 455 DOWN
1830 502 17.0 540 DOWN
1830 503 17.0 544 DOWN
1830 504 17.0 548 DOWN
1830 505 17.0 552 DOWN
1840 506 17.0 556 DOWN
1840 507 17.0 560 DOWN
1840 508 17.0 564 DOWN
1840 509 17.0 568 DOWN
1850 510 17.0 572 DOWN
1850 511 17.0 576 DOWN
1850 512 17.0 580 DOWN
1850 513 17.0 584 DOWN
1860 514 17.0 612 DOWN
1860 515 17.0 618 DOWN
1860 516 17.0 624 DOWN
1860 517 17.0 630 DOWN
1870 518 17.0 636 DOWN
1870 519 17.0 642 DOWN
1870 520 17.0 648 DOWN
1870 521 17.0 654 DOWN
1880 522 17.0 660 DOWN
1880 523 17.0 666 DOWN
1880 524 17.0 672 DOWN
1880 525 17.0 678 DOWN
1890 526 17.0 753 DOWN
1890 527 17.0 769 DOWN
1890 528 17.0 773 DOWN
1890 529 17.0 777 DOWN
1900 530 17.0 781 DOWN
1900 531 17.0 785 DOWN
1900 532 17.0 789 DOWN
1900 533 17.0 793 DOWN
1910 534 17.0 797 DOWN
1910 535 17.0 801 DOWN
1910 536 17.0 805 DOWN
1910 537 17.0 809 DOWN
1920 538 17.0 883 DOWN
1920 539 17.0 887 DOWN
1920 540 17.0 891 DOWN
1920 541 17.0 895 DOWN
1930 542 17.0 899 DOWN
1930 543 17.0 903 DOWN
1930 544 17.0 907 DOWN
1930 545 17.0 911 DOWN
1940 546 17.0 915 DOWN
1940 547 17.0 919 DOWN
1940 548 17.0 923 DOWN
1940 549 17.0 927 RIGHT
1950 550 17.0 1020 RIGHT
1950 551 16.0312195418814 1021 RIGHT
1950 552 15.132745950421556 1022 RIGHT
1950 553 14.317821063276353 1023 RIGHT
1960 554 13.601470508735444 1024 RIGHT
1960 555 13.0 1025 RIGHT
1960 556 12.529964086141668 1026 RIGHT
1960 557 12.206555615733702 1027 DOWN
1970 558 12.041594578792296 1028 DOWN
1970 559 12.041594578792296 1034 DOWN
1970 560 12.041594578792296 1040 DOWN
1970 561 12.041594578792296 1046 DOWN
1980 562 12.041594578792296 1052 DOWN
1980 563 12.041594578792296 1058 DOWN
1980 564 12.041594578792296 1064 DOWN
1980 565 12.041594578792296 1070 DOWN
1990 566 12.041594578792296 1076 DOWN
1990 567 12.041594578792296 1082 DOWN
1990 568 13.45362404707371 1088 DOWN
1990 569 14.866068747318506 1094 DOWN
2000 570 16.278820596099706 1124 DOWN
2000 571 17.69180601295413 1130 DOWN
2000 572 19.1049731745428 1136 DOWN
2000 573 20.518284528683193 1142 DOWN
2050 574 20.615528128088304 1148 DOWN
2050 575 20.808652046684813 1154 DOWN
2050 576 21.633307652783937 1160 UP
2050 577 20.248456731316587 1154 UP
2050 578 19.4164878389476 1148 UP
2050 579 18.027756377319946 1142 UP
2050 580 17.204650534085253 1136 UP
2050 581 15.811388300841896 1130 UP
2050 582 15.0 1124 UP
2050 583 13.601470508735444 1094 UP
2050 584 12.806248474865697 1088 UP
2050 585 12.806248474865697 1082 UP
2050 586 12.041594578792296 1076 UP
2050 587 12.041594578792296 1070 UP
2050 588 11.313708498984761 1064 UP
2050 589 11.313708498984761 1058 UP
2050 590 10.63014581273465 1052 UP
2050 591 10.63014581273465 1046 UP
2050 592 10.0 1040 UP
2050 593 10.0 1034 LEFT
2050 594 9.433981132056603 1028 LEFT
2050 595 9.219544457292887 1027 LEFT
2050 596 8.48528137423857 1026 LEFT
2050 597 8.602325267042627 1025 LEFT
2050 598 8.06225774829855 1024 LEFT
2050 599 8.54400374531753 1023 LEFT
2050 600 8.246211251235321 1022 UP
2050 601 9.055385138137417 1021 UP
2050 602 9.0 1020 UP
2050 603 9.0 927 UP
2050 604 8.0 923 UP
2050 605 8.0 919 UP
2050 606 7.0 915 UP
2050 607 7.0 911 UP
2050 608 6.0 907 UP
2050 609 6.0 903 UP
2050 610 5.0 899 UP
2050 611 5.0 895 UP
2050 612 4.0 891 UP
2050 613 4.0 887 UP
2050 614 3.0 883 UP
2050 615 3.0 809 UP
2250 616 50.99019513592785 805 UP
2250 617 50.566787519082126 801 UP
2250 618 50.15974481593781 797 UP
2250 619 49.76946855251722 793 UP
2250 620 49.39635614091387 789 UP
2250 621 49.040799340956916 785 UP
2250 622 48.703182647543684 781 UP
2250 623 48.38388161361178 777 UP
2250 624 48.08326112068523 773 UP
2250 625 47.80167361086848 769 UP
2250 626 47.53945729601885 753 UP
2250 627 47.29693436154187 678 UP
2250 628 47.07440918375928 672 UP
2250 629 46.87216658103186 666 UP
2250 630 46.69047011971501 660 UP
2250 631 46.52956049652737 654 UP
2250 632 46.389654018972806 648 UP
2250 633 46.2709412050371 642 UP
2250 634 46.17358552246078 636 UP
2250 635 46.09772228646444 630 UP
2650 636 46.04345773288535 624 UP
2650 637 46.010868281309364 618 UP
2650 638 46.0 612 UP
2650 639 46.010868281309364 584 UP
2650 640 46.04345773288535 580 UP
2650 641 46.09772228646444 576 UP
2650 642 46.17358552246078 572 UP
2650 643 46.2709412050371 568 UP
2650 644 46.389654018972806 564 UP
2650 645 46.52956049652737 560 UP
2650 646 46.69047011971501 556 UP
2650 647 46.87216658103186 552 UP
2650 648 47.07440918375928 548 UP
2650 649 47.29693436154187 544 UP
2650 650 47.53945729601885 540 UP
2650 651 47.80167361086848 455 UP
2650 652 48.08326112068523 451 UP
2650 653 48.38388161361178 447 UP
2650 654 48.703182647543684 443 UP
2650 655 42.2965719651132 439 UP
2650 656 41.43669871020132 435 UP
2650 657 40.607881008493905 431 UP
2650 658 39.81205847478876 427 UP
2650 659 39.05124837953327 423 UP
2650 660 38.3275357934736 419 UP
2650 661 37.64306044943742 415 UP
2650 662 37.0 399 UP
2650 663 36.40054944640259 335 UP
2650 664 35.84689665786984 329 UP
2650 665 35.34119409414458 323 UP
2650 666 34.88552708502482 317 UP
2650 667 34.48187929913333 311 UP
2650 668 34.132096331752024 305 UP
2650 669 33.83784863137726 299 UP
2650 670 33.60059523282288 293 UP
2650 671 33.421549934136806 287 UP
2650 672 33.301651610693426 281 UP
2650 673 33.24154027718932 275 UP
2650 674 33.24154027718932 269 UP
2650 675 33.301651610693426 263 UP
2650 676 33.421549934136806 257 UP
2650 677 33.60059523282288 251 UP
2650 678 33.83784863137726 237 UP
2650 679 33.28663395418648 237 LEFT
2650 680 32.2490309931942 236 LEFT
2650 681 31.304951684997057 235 LEFT
2650 682 30.463092423455635 234 LEFT
2650 683 29.732137494637012 233 LEFT
2650 684 29.120439557122072 232 LEFT
2650 685 28.635642126552707 231 LEFT
2650 686 28.284271247461902 230 LEFT
2650 687 28.071337695236398 229 LEFT
2650 688 28.0 228 LEFT
2650 689 28.071337695236398 227 LEFT
2650 690 28.284271247461902 226 DOWN
2650 691 28.635642126552707 225 DOWN
2650 692 27.892651361962706 250 DOWN
2650 693 27.202941017470888 256 DOWN
2650 694 26.570660511172846 262 DOWN
2660 695 26.0 268 DOWN
2660 696 25.495097567963924 274 DOWN
2660 697 25.059928172283335 280 DOWN
2660 698 23.323807579381203 286 DOWN
2670 699 21.633307652783937 292 DOWN
2670 700 20.0 298 DOWN
2670 701 18.439088914585774 304 DOWN
2670 702 16.97056274847714 310 LEFT
2680 703 15.620499351813308 316 LEFT
2680 704 14.422205101855956 322 LEFT
2680 705 13.416407864998739 328 LEFT
2680 706 12.649110640673518 334 LEFT
2690 707 12.165525060596439 398 LEFT
2690 708 13.038404810405298 397 LEFT
2690 709 14.0 396 LEFT
2690 710 15.033296378372908 395 LEFT
2700 711 36.22154055254967 978 LEFT
2700 712 36.124783736376884 977 LEFT
2700 713 36.05551275463989 976 LEFT
2700 714 36.013886210738214 975 LEFT
2700 715 36.0 974 LEFT
2700 716 36.013886210738214 973 LEFT
2700 717 36.05551275463989 972 LEFT
2700 718 36.124783736376884 971 LEFT
2700 719 36.22154055254967 970 LEFT
2700 720 36.345563690772494 969 LEFT
2700 721 36.49657518178932 968 LEFT
2700 722 36.6742416417845 967 LEFT
2700 723 36.87817782917155 966 LEFT
2700 724 37.107950630558946 965 LEFT
2700 725 37.36308338453881 964 LEFT
2700 726 37.64306044943742 963 LEFT
2700 727 37.94733192202055 962 LEFT
2700 728 38.27531841800928 961 LEFT
2700 729 38.62641583165593 960 LEFT
2700 730 39.0 959 LEFT
2700 731 39.395431207184416 958 LEFT
2700 732 39.81205847478876 957 LEFT
2710 733 40.24922359499622 956 LEFT
2710 734 40.70626487409524 955 LEFT
2710 735 41.182520563948 954 LEFT
2710 736 41.677331968349414 953 LEFT
2720 737 42.190046219457976 952 LEFT
2720 738 42.720018726587654 951 LEFT
2720 739 43.266615305567875 950 LEFT
2720 740 43.829214001622255 949 LEFT
2730 741 44.40720662234904 948 LEFT
2730 742 45.0 947 LEFT
2730 743 45.60701700396552 946 LEFT
2730 744 46.22769732530488 945 LEFT
2740 745 46.861498055439924 944 LEFT
2740 746 47.50789408087881 943 LEFT
2740 747 48.16637831516918 942 LEFT
2740 748 48.83646178829912 941 LEFT
2750 749 49.51767361255979 940 LEFT
2750 750 61.84658438426491 939 LEFT
2750 751 61.84658438426491 938 LEFT
2750 752 61.84658438426491 937 LEFT
2760 753 61.84658438426491 936 LEFT
2760 754 61.84658438426491 935 LEFT
2760 755 61.84658438426491 934 LEFT
2760 756 61.84658438426491 933 LEFT
2770 757 61.84658438426491 932 LEFT
2770 758 61.84658438426491 931 LEFT
2770 759 61.84658438426491 930 LEFT
2770 760 61.84658438426491 929 LEFT
2780 761 61.84658438426491 928 LEFT
2780 762 61.220911460055866 928 LEFT
2780 763 60.60528029800704 928 LEFT
