0 0 36.22154055254967 978 NEUTRAL
0 1 36.124783736376884 977 NEUTRAL
0 2 36.05551275463989 976 NEUTRAL
0 3 36.013886210738214 975 NEUTRAL
0 4 36.0 974 NEUTRAL
0 5 36.013886210738214 973 NEUTRAL
10 6 36.05551275463989 972 NEUTRAL
10 7 36.124783736376884 971 NEUTRAL
10 8 36.22154055254967 970 NEUTRAL
10 9 36.345563690772494 969 NEUTRAL
20 10 36.49657518178932 968 NEUTRAL
20 11 36.6742416417845 967 NEUTRAL
20 12 36.87817782917155 966 NEUTRAL
20 13 37.107950630558946 965 NEUTRAL
30 14 37.36308338453881 964 NEUTRAL
30 15 37.64306044943742 963 NEUTRAL
30 16 37.94733192202055 962 NEUTRAL
30 17 38.27531841800928 961 LEFT
40 18 38.62641583165593 960 LEFT
40 19 39.0 959 LEFT
40 20 39.395431207184416 958 LEFT
40 21 39.81205847478876 957 LEFT
50 22 40.24922359499622 956 LEFT
50 23 40.70626487409524 955 LEFT
50 24 41.182520563948 954 LEFT
50 25 41.677331968349414 953 LEFT
60 26 42.190046219457976 952 LEFT
60 27 42.720018726587654 951 LEFT
60 28 43.266615305567875 950 LEFT
60 29 43.829214001622255 949 LEFT
70 30 44.40720662234904 948 LEFT
70 31 45.0 947 LEFT
70 32 45.60701700396552 946 LEFT
70 33 46.22769732530488 945 LEFT
80 34 46.861498055439924 944 LEFT
80 35 47.50789408087881 943 LEFT
80 36 48.16637831516918 942 LEFT
80 37 48.83646178829912 941 LEFT
90 38 49.51767361255979 940 UP
90 39 50.20956084253277 939 UP
90 40 62.48199740725323 938 UP
90 41 62.48199740725323 937 UP
100 42 62.48199740725323 936 UP
100 43 61.07372593840988 924 UP
100 44 59.665735560705194 920 UP
100 45 58.25804665451803 916 UP
110 46 56.85068161420758 912 UP
110 47 55.44366510251645 908 UP
110 48 54.037024344425184 904 UP
110 49 52.630789467763066 900 UP
120 50 51.22499389946279 896 UP
120 51 49.8196748283246 892 UP
120 52 48.41487374764082 888 UP
120 53 47.01063709417264 884 UP
130 54 45.60701700396552 810 UP
130 55 44.204072210600685 806 UP
130 56 42.80186911806539 802 UP
130 57 41.400483088968905 798 UP
140 58 40.0 794 UP
140 59 38.41874542459709 790 UP
140 60 36.87817782917155 786 UP
140 61 35.38361202590826 782 UP
150 62 33.94112549695428 778 UP
150 63 32.55764119219941 774 UP
150 64 31.240998703626616 770 UP
150 65 30.0 766 UP
160 66 28.844410203711913 691 UP
160 67 27.784887978899608 673 UP
160 68 26.832815729997478 667 UP
160 69 26.0 661 UP
170 70 25.298221281347036 655 UP
170 71 24.041630560342615 649 UP
170 72 22.80350850198276 643 UP
170 73 21.587033144922902 637 UP
180 74 20.396078054371138 631 UP
180 75 19.235384061671343 625 UP
180 76 18.110770276274835 619 UP
180 77 17.029386365926403 613 UP
190 78 16.0 585 UP
190 79 15.033296378372908 581 UP
190 80 14.142135623730951 577 UP
190 81 13.341664064126334 573 UP
200 82 12.649110640673518 569 UP
200 83 13.416407864998739 565 UP
200 84 14.422205101855956 561 UP
200 85 15.620499351813308 557 UP
210 86 16.97056274847714 553 UP
210 87 18.439088914585774 549 UP
210 88 20.0 545 UP
210 89 21.633307652783937 541 UP
220 90 23.323807579381203 456 UP
220 91 25.059928172283335 452 UP
220 92 26.832815729997478 448 UP
220 93 28.635642126552707 444 UP
230 94 30.463092423455635 440 UP
230 95 31.016124838541646 436 UP
230 96 31.622776601683793 432 UP
230 97 32.28002478313795 428 UP
240 98 32.984845004941285 424 UP
240 99 33.734255586866 420 UP
240 100 34.52535300326414 416 UP
240 101 35.35533905932738 412 UP
250 102 36.22154055254967 348 UP
250 103 37.12142238654117 330 UP
250 104 38.05259518088089 324 UP
250 105 39.01281840626232 318 UP
260 106 40.0 312 UP
260 107 40.0 306 UP
260 108 40.0 300 UP
260 109 40.0 294 UP
270 110 40.0 288 UP
270 111 40.0 282 UP
270 112 40.0 276 UP
270 113 40.0 270 UP
280 114 40.0 264 UP
280 115 40.0 258 UP
280 116 40.0 252 UP
280 117 40.0 246 LEFT
290 118 40.0 153 LEFT
290 119 39.01281840626232 152 LEFT
290 120 38.05259518088089 151 LEFT
290 121 37.12142238654117 150 LEFT
300 122 36.22154055254967 149 LEFT
300 123 35.35533905932738 148 LEFT
300 124 34.52535300326414 147 LEFT
300 125 33.734255586866 146 LEFT
310 126 32.984845004941285 145 LEFT
310 127 32.01562118716424 145 LEFT
310 128 31.04834939252005 145 UP
310 129 31.04834939252005 139 UP
310 130 31.04834939252005 133 UP
310 131 32.28002478313795 127 UP
320 132 33.52610922848042 121 UP
320 133 34.785054261852174 115 UP
320 134 36.05551275463989 109 UP
320 135 37.33630940518894 103 UP
370 136 37.94733192202055 97 UP
370 137 38.600518131237564 91 UP
370 138 39.56008088970496 85 UP
370 139 40.26164427839479 79 UP
380 140 41.23105625617661 0 UP
380 141 41.0 0 UP
380 142 41.0 0 RIGHT
380 143 40.607881008493905 1 RIGHT
380 144 40.44749683231337 2 RIGHT
380 145 41.30375285612676 3 RIGHT
390 146 41.19465984809196 4 RIGHT
390 147 42.1070065428546 5 RIGHT
390 148 42.04759208325728 6 RIGHT
390 149 43.01162633521314 7 RIGHT
400 150 43.0 8 RIGHT
400 151 44.01136216933077 9 RIGHT
400 152 44.04543109109048 10 RIGHT
400 153 45.09988913511872 11 RIGHT
410 154 45.17742799230607 12 RIGHT
410 155 46.2709412050371 13 RIGHT
410 156 46.389654018972806 14 RIGHT
410 157 47.51841748206689 15 RIGHT
420 158 47.67598976424087 16 RIGHT
420 159 48.83646178829912 17 RIGHT
420 160 49.03060268852505 18 RIGHT
420 161 50.21951811795888 19 RIGHT
430 162 50.44799302251776 20 DOWN
430 163 50.44799302251776 80 DOWN
430 164 49.47726750741192 86 DOWN
430 165 49.47726750741192 92 DOWN
440 166 48.507731342539614 98 DOWN
440 167 48.507731342539614 104 DOWN
440 168 47.53945729601885 110 DOWN
440 169 47.53945729601885 116 DOWN
450 170 46.57252408878007 122 DOWN
450 171 46.57252408878007 128 DOWN
450 172 45.60701700396552 134 DOWN
450 173 45.60701700396552 140 RIGHT
460 174 44.64302857109943 165 RIGHT
460 175 45.880278987817846 166 RIGHT
460 176 46.17358552246078 167 RIGHT
460 177 47.43416490252569 168 RIGHT
470 178 47.75981574503821 169 RIGHT
470 179 49.040799340956916 170 RIGHT
470 180 49.39635614091387 171 RIGHT
470 181 50.695167422546305 172 RIGHT
480 182 51.07837115648854 173 RIGHT
480 183 52.392747589718944 174 RIGHT
480 184 52.80151512977634 175 RIGHT
480 185 54.12947441089743 176 RIGHT
490 186 54.56189146281496 177 RIGHT
490 187 55.90169943749474 178 RIGHT
490 188 56.356011214421486 179 RIGHT
490 189 57.706152185014034 180 RIGHT
500 190 58.180752831155424 181 RIGHT
500 191 59.53990258641679 182 RIGHT
500 192 60.03332407921454 183 RIGHT
500 193 60.03332407921454 184 RIGHT
510 194 60.53924347066124 185 RIGHT
510 195 60.53924347066124 186 RIGHT
510 196 61.05735008989499 187 RIGHT
510 197 61.05735008989499 188 RIGHT
520 198 61.587336360651285 189 RIGHT
520 199 61.587336360651285 190 RIGHT
520 200 62.12889826803627 191 RIGHT
520 201 62.12889826803627 192 RIGHT
530 202 62.68173577685928 193 RIGHT
530 203 62.68173577685928 194 RIGHT
530 204 63.245553203367585 195 RIGHT
530 205 63.245553203367585 196 RIGHT
540 206 63.8200595424354 197 RIGHT
540 207 63.8200595424354 198 RIGHT
540 208 64.40496875241847 199 RIGHT
540 209 64.40496875241847 200 RIGHT
550 210 65.0 201 RIGHT
550 211 65.0 202 RIGHT
550 212 65.60487786742691 203 RIGHT
550 213 65.60487786742691 204 RIGHT
560 214 66.21933252457322 205 RIGHT
560 215 66.21933252457322 206 RIGHT
560 216 66.84309986827361 207 RIGHT
560 217 66.70832032063167 208 RIGHT
570 218 67.35725647619564 209 RIGHT
570 219 67.26812023536856 210 RIGHT
570 220 67.94115100585212 211 RIGHT
570 221 67.89698078707183 212 RIGHT
580 222 68.59300255857006 213 RIGHT
580 223 68.59300255857006 214 RIGHT
580 224 69.31089380465383 215 RIGHT
580 225 69.35416353759881 216 RIGHT
590 226 70.09279563550022 217 RIGHT
590 227 70.178344238091 218 RIGHT
590 228 70.9365914038728 219 RIGHT
590 229 71.06335201775947 220 RIGHT
600 230 71.84010022264724 221 RIGHT
600 231 72.00694410957877 222 DOWN
600 232 72.80109889280519 223 DOWN
600 233 73.00684899377592 224 DOWN
610 234 73.81734213584231 225 DOWN
610 235 72.67048919609665 250 DOWN
610 236 72.11102550927978 256 DOWN
610 237 71.02112361825881 262 DOWN
620 238 70.49113419430843 268 DOWN
620 239 69.46221994724903 274 DOWN
620 240 68.96375859826666 280 DOWN
620 241 67.60177512462228 286 DOWN
630 242 67.11929677819934 292 DOWN
630 243 65.76473218982953 298 DOWN
630 244 65.29931086925804 304 DOWN
630 245 63.953107821277925 310 DOWN
640 246 63.50590523722971 316 LEFT
640 247 62.16912416947821 322 LEFT
640 248 61.741396161732524 328 LEFT
640 249 60.41522986797286 334 LEFT
650 250 60.00833275470999 398 LEFT
650 251 58.180752831155424 397 LEFT
650 252 57.271284253105414 396 LEFT
650 253 55.46169849544819 395 LEFT
660 254 54.56189146281496 394 LEFT
660 255 52.773099207835045 393 LEFT
660 256 51.884487084291386 392 LEFT
660 257 50.11985634456667 391 LEFT
670 258 49.24428900898052 390 LEFT
670 259 47.50789408087881 389 LEFT
670 260 46.647615158762406 388 LEFT
670 261 44.94441010848846 387 LEFT
680 262 44.10215414239989 386 LEFT
680 263 42.43819034784589 385 LEFT
680 264 41.617304093369626 384 LEFT
680 265 41.400483088968905 383 LEFT
690 266 40.607881008493905 382 LEFT
690 267 40.45985664828782 381 LEFT
690 268 39.698866482558415 380 LEFT
690 269 39.6232255123179 379 LEFT
700 270 38.897300677553446 378 LEFT
700 271 38.897300677553446 377 UP
700 272 38.2099463490856 376 UP
700 273 38.28837943815329 375 UP
710 274 37.64306044943742 374 UP
710 275 39.20459156782532 333 UP
710 276 40.0 327 UP
710 277 41.617304093369626 321 UP
720 278 42.43819034784589 315 UP
720 279 44.10215414239989 309 UP
720 280 44.94441010848846 303 UP
720 281 46.647615158762406 297 UP
730 282 47.50789408087881 291 UP
730 283 49.24428900898052 285 UP
730 284 50.11985634456667 279 UP
730 285 51.884487084291386 273 UP
740 286 52.773099207835045 267 UP
740 287 54.56189146281496 261 UP
740 288 55.46169849544819 255 RIGHT
740 289 55.94640292279746 249 RIGHT
740 290 56.859475903318 201 RIGHT
740 291 56.859475903318 202 RIGHT
740 292 57.271284253105414 203 RIGHT
740 293 57.271284253105414 204 RIGHT
740 294 57.697486947006624 205 RIGHT
740 295 57.697486947006624 206 RIGHT
740 296 58.137767414994535 207 RIGHT
740 297 58.137767414994535 208 RIGHT
740 298 58.59180830116101 209 RIGHT
740 299 58.59180830116101 210 RIGHT
740 300 59.0592922409336 211 RIGHT
740 301 59.0592922409336 212 RIGHT
740 302 59.53990258641679 213 UP
740 303 59.941638282582836 142 UP
740 304 60.8276253029822 136 UP
740 305 61.26989472816156 130 UP
750 306 62.16912416947821 124 UP
750 307 62.64982043070834 118 UP
750 308 63.56099432828282 112 UP
750 309 64.07807737440318 106 UP
760 310 65.0 100 UP
760 311 65.55150646628954 94 UP
760 312 66.48308055437865 88 UP
760 313 68.35202996254024 82 UP
770 314 69.28924880528002 57 LEFT
770 315 69.8927750200262 56 LEFT
770 316 69.57010852370435 55 LEFT
770 317 70.21395872616783 54 LEFT
780 318 69.92138442565336 53 LEFT
780 319 70.60453243241541 52 LEFT
780 320 70.3420215802759 51 LEFT
780 321 71.06335201775947 50 LEFT
790 322 70.83078426785913 49 LEFT
790 323 71.58910531638176 48 LEFT
790 324 71.386273190299 47 LEFT
790 325 72.18032973047436 46 LEFT
800 326 72.00694410957877 45 LEFT
800 327 72.83543093852057 44 LEFT
800 328 72.69112738154499 43 LEFT
800 329 73.55270219373317 42 LEFT
810 330 73.43704787094863 41 LEFT
810 331 74.33034373659252 40 LEFT
810 332 74.24284477308234 39 LEFT
810 333 75.16648189186454 38 LEFT
820 334 75.1065909225016 37 LEFT
820 335 76.05918747922567 36 LEFT
820 336 76.05918747922567 35 LEFT
820 337 76.05918747922567 34 LEFT
830 338 76.05918747922567 33 LEFT
830 339 76.05918747922567 32 LEFT
830 340 76.05918747922567 31 LEFT
830 341 76.05918747922567 30 LEFT
840 342 76.05918747922567 29 LEFT
840 343 76.05918747922567 28 LEFT
840 344 76.05918747922567 27 LEFT
840 345 76.05918747922567 26 LEFT
850 346 76.05918747922567 25 LEFT
850 347 76.05918747922567 24 LEFT
850 348 76.05918747922567 23 LEFT
850 349 76.05918747922567 22 DOWN
860 350 76.05918747922567 21 DOWN
860 351 75.1065909225016 81 DOWN
860 352 74.16872656315464 87 DOWN
860 353 73.24616030891995 93 DOWN
870 354 72.3394774656273 99 DOWN
870 355 71.449282711585 105 DOWN
870 356 70.57619995437555 111 DOWN
870 357 69.72087205421343 117 DOWN
880 358 68.8839603971781 123 DOWN
880 359 68.06614430096654 129 DOWN
880 360 67.26812023536856 135 DOWN
880 361 66.49060083951716 141 RIGHT
880 362 65.73431371817918 177 RIGHT
880 363 66.21933252457322 178 RIGHT
880 364 66.76076692189807 179 RIGHT
880 365 67.35725647619564 180 RIGHT
880 366 68.00735254367721 181 RIGHT
880 367 68.70953354520753 182 RIGHT
880 368 69.46221994724903 183 RIGHT
880 369 70.26378868236469 184 RIGHT
880 370 71.11258679024411 185 RIGHT
880 371 72.00694410957877 186 RIGHT
880 372 71.58910531638176 187 RIGHT
880 373 71.19691004531025 188 RIGHT
880 374 70.83078426785913 189 RIGHT
880 375 70.49113419430843 190 RIGHT
880 376 70.178344238091 191 RIGHT
880 377 69.8927750200262 192 RIGHT
880 378 69.63476143421474 193 RIGHT
880 379 69.40461079784254 194 RIGHT
880 380 69.20260110718382 195 RIGHT
880 381 69.02897942168927 196 RIGHT
880 382 68.8839603971781 197 RIGHT
880 383 68.76772498781678 198 RIGHT
880 384 68.6804193347711 199 RIGHT
880 385 68.62215385719105 200 RIGHT
880 386 68.59300255857006 201 RIGHT
880 387 68.59300255857006 202 RIGHT
880 388 68.62215385719105 203 RIGHT
880 389 68.6804193347711 204 RIGHT
880 390 68.76772498781678 205 RIGHT
880 391 68.8839603971781 206 RIGHT
880 392 69.02897942168927 207 RIGHT
880 393 69.20260110718382 208 RIGHT
880 394 69.40461079784254 209 RIGHT
880 395 69.63476143421474 210 RIGHT
880 396 69.8927750200262 211 RIGHT
880 397 70.178344238091 212 RIGHT
880 398 70.49113419430843 213 RIGHT
880 399 70.83078426785913 214 RIGHT
880 400 71.19691004531025 215 RIGHT
880 401 71.58910531638176 216 RIGHT
880 402 72.00694410957877 217 RIGHT
880 403 72.44998274671983 218 RIGHT
880 404 72.91776189653656 219 RIGHT
880 405 73.40980860893181 220 RIGHT
880 406 73.92563831310488 221 RIGHT
880 407 74.46475676452586 222 RIGHT
880 408 75.02666192761077 223 RIGHT
880 409 75.61084578286372 224 RIGHT
880 410 76.21679604916491 225 RIGHT
880 411 76.84399781375251 226 RIGHT
880 412 77.4919350642375 227 RIGHT
880 413 78.16009211867653 228 RIGHT
890 414 78.84795495128583 229 RIGHT
890 415 79.55501241279521 230 RIGHT
890 416 80.2807573457052 231 RIGHT
890 417 81.02468759581859 232 RIGHT
900 418 81.78630692236935 233 RIGHT
900 419 82.56512580987206 234 RIGHT
900 420 84.52810183601665 235 RIGHT
900 421 86.49277426467485 236 RIGHT
910 422 88.45903006477066 237 RIGHT
910 423 90.4267659490264 238 RIGHT
910 424 92.39588735436226 239 RIGHT
910 425 94.36630754670864 240 RIGHT
920 426 96.33794683301072 241 RIGHT
920 427 98.3107318658548 242 RIGHT
920 428 100.2845950283492 243 RIGHT
920 429 102.25947388873072 244 RIGHT
930 430 104.23531071570709 245 UP
930 431 105.38026380684383 144 UP
930 432 18.439088914585774 138 UP
930 433 19.235384061671343 132 UP
940 434 20.09975124224178 126 UP
940 435 21.02379604162864 120 UP
940 436 22.0 114 UP
940 437 23.021728866442675 108 UP
990 438 24.0 102 UP
990 439 25.019992006393608 96 LEFT
990 440 26.019223662515376 90 LEFT
990 441 27.073972741361768 84 LEFT
1000 442 28.071337695236398 78 LEFT
1000 443 28.284271247461902 77 LEFT
1000 444 28.442925306655784 76 LEFT
1000 445 28.861739379323623 75 LEFT
1010 446 29.120439557122072 74 LEFT
1010 447 102.88342918079665 73 LEFT
1010 448 101.92153844992725 72 LEFT
1010 449 100.0 71 LEFT
1020 450 99.04039579888602 70 LEFT
1020 451 97.12363255150623 69 LEFT
1020 452 96.16652224137046 68 LEFT
1020 453 94.25497334358543 67 LEFT
1030 454 93.30058949438637 66 LEFT
1030 455 91.39474820797966 65 LEFT
1030 456 90.44335243676011 64 LEFT
1030 457 88.54377448471462 63 LEFT
1040 458 87.5956619930462 62 DOWN
1040 459 85.70297544426332 61 DOWN
1040 460 84.75848040166836 60 DOWN
1040 461 82.87339742040264 59 DOWN
1050 462 81.93289937503738 58 DOWN
1050 463 80.65358020571685 83 DOWN
1050 464 80.32434251209281 89 DOWN
1050 465 79.05694150420949 95 DOWN
1060 466 78.74642849044012 101 DOWN
1060 467 77.4919350642375 107 DOWN
1060 468 77.20103626247513 113 DOWN
1060 469 75.96051605933177 119 DOWN
1070 470 75.69015788066504 125 DOWN
1070 471 74.46475676452586 131 LEFT
1070 472 74.21590126111789 137 LEFT
1070 473 73.7563556583431 143 LEFT
1070 474 73.54590403278758 225 LEFT
1070 475 72.3671196055225 224 LEFT
1070 476 71.386273190299 223 LEFT
1070 477 70.21395872616783 222 LEFT
1070 478 69.2314957226839 221 LEFT
1070 479 68.06614430096654 220 LEFT
1070 480 67.08203932499369 219 LEFT
1070 481 65.92419889539804 218 LEFT
1070 482 64.93843238021688 217 LEFT
1070 483 63.788713735268246 216 LEFT
1070 484 62.80127387243033 215 LEFT
1070 485 61.66036003787198 214 LEFT
1070 486 60.67124524847005 213 LEFT
1070 487 59.53990258641679 212 LEFT
1070 488 58.54912467321779 211 LEFT
1070 489 57.42821606144492 210 LEFT
1070 490 56.43580423808985 209 LEFT
1070 491 55.326304774492215 208 LEFT
1070 492 54.3323108288245 207 LEFT
1070 493 53.23532661682466 206 LEFT
1070 494 52.23983154643591 205 LEFT
1070 495 51.15662224971465 204 LEFT
1070 496 50.15974481593781 203 LEFT
1070 497 49.09175083453431 202 LEFT
1070 498 48.093658625644196 201 LEFT
1070 499 47.042533945356304 200 LEFT
1070 500 46.04345773288535 199 LEFT
1070 501 45.0111097397076 198 LEFT
1070 502 44.01136216933077 197 LEFT
1070 503 43.0 196 LEFT
1070 504 42.0 195 DOWN
1070 505 42.0 194 DOWN
1070 506 41.0 193 DOWN
1070 507 41.0 192 DOWN
1070 508 40.0 191 DOWN
1070 509 40.0 190 DOWN
1070 510 39.0 189 DOWN
1070 511 40.01249804748511 248 DOWN
1070 512 40.049968789001575 254 DOWN
1070 513 41.10960958218893 260 DOWN
1080 514 41.19465984809196 266 DOWN
1080 515 42.2965719651132 272 DOWN
1080 516 42.42640687119285 278 DOWN
1080 517 43.56604182158393 284 DOWN
1090 518 43.73785545725808 290 DOWN
1090 519 44.91102314577124 296 DOWN
1090 520 45.12205669071391 302 DOWN
1090 521 45.60701700396552 308 DOWN
1100 522 45.880278987817846 314 DOWN
1100 523 46.486557196677836 320 DOWN
1100 524 46.8187996428785 326 DOWN
1100 525 47.53945729601885 332 DOWN
1110 526 47.92702786528704 373 LEFT
1110 527 47.4236228055175 372 LEFT
1110 528 46.51881339845203 371 LEFT
1110 529 46.06517122512408 370 LEFT
1120 530 45.17742799230607 369 LEFT
1120 531 44.77722635447622 368 LEFT
1120 532 43.9089968002003 367 LEFT
1120 533 43.56604182158393 366 LEFT
1130 534 42.720018726587654 365 LEFT
1130 535 42.43819034784589 364 LEFT
1130 536 41.617304093369626 363 LEFT
1130 537 41.400483088968905 362 LEFT
1140 538 40.607881008493905 361 LEFT
1140 539 40.45985664828782 360 LEFT
1140 540 39.698866482558415 359 LEFT
1140 541 39.6232255123179 358 LEFT
1150 542 38.897300677553446 357 LEFT
1150 543 38.897300677553446 356 LEFT
1150 544 38.2099463490856 355 LEFT
1150 545 36.87817782917155 354 LEFT
1160 546 36.235341863986875 353 LEFT
1160 547 35.0 352 LEFT
1160 548 34.40930106817051 351 LEFT
1160 549 33.28663395418648 350 LEFT
1170 550 32.7566787083184 349 UP
1170 551 31.38470965295043 331 UP
1170 552 30.528675044947494 325 UP
1170 553 29.154759474226502 319 UP
1180 554 28.30194339616981 313 UP
1180 555 26.92582403567252 307 UP
1180 556 26.076809620810597 301 UP
1180 557 24.698178070456937 295 UP
1190 558 23.853720883753127 289 UP
1190 559 22.47220505424423 283 UP
1190 560 21.633307652783937 277 UP
1190 561 20.248456731316587 271 UP
1200 562 19.4164878389476 265 UP
1200 563 18.027756377319946 259 UP
1200 564 17.204650534085253 253 LEFT
1200 565 15.811388300841896 247 LEFT
1200 566 15.0 165 LEFT
1200 567 13.892443989449804 164 LEFT
1200 568 13.416407864998739 163 LEFT
1200 569 12.649110640673518 162 LEFT
1210 570 12.36931687685298 161 LEFT
1210 571 12.041594578792296 160 LEFT
1210 572 12.0 159 LEFT
1210 573 12.165525060596439 158 LEFT
1220 574 12.36931687685298 157 LEFT
1220 575 13.0 156 LEFT
1220 576 13.416407864998739 155 LEFT
1220 577 14.422205101855956 154 LEFT
1220 578 15.0 153 DOWN
1220 579 16.401219466856727 246 DOWN
1220 580 17.204650534085253 252 DOWN
1220 581 18.601075237738275 258 DOWN
1220 582 19.4164878389476 264 DOWN
1220 583 20.808652046684813 270 DOWN
1220 584 21.633307652783937 276 DOWN
1220 585 21.633307652783937 282 DOWN
1220 586 22.47220505424423 288 DOWN
1220 587 22.47220505424423 294 DOWN
1220 588 23.323807579381203 300 DOWN
1220 589 23.323807579381203 306 DOWN
1220 590 24.186773244895647 312 DOWN
1220 591 24.186773244895647 318 DOWN
1220 592 25.059928172283335 324 DOWN
1220 593 25.059928172283335 330 DOWN
1220 594 25.942243542145693 348 DOWN
1220 595 25.942243542145693 412 DOWN
1220 596 26.832815729997478 416 DOWN
1220 597 26.832815729997478 420 DOWN
1220 598 27.730849247724095 424 DOWN
1220 599 27.730849247724095 428 DOWN
1220 600 28.635642126552707 432 DOWN
1220 601 28.635642126552707 436 DOWN
1220 602 29.546573405388315 440 DOWN
1220 603 29.546573405388315 444 DOWN
1220 604 30.463092423455635 448 DOWN
1220 605 30.463092423455635 452 DOWN
1220 606 31.38470965295043 456 DOWN
1220 607 31.38470965295043 541 DOWN
1220 608 32.31098884280702 545 DOWN
1220 609 33.61547262794322 549 DOWN
1220 610 34.539832078341085 553 DOWN
1220 611 35.84689665786984 557 DOWN
1220 612 36.76955262170047 561 DOWN
1220 613 38.07886552931954 565 DOWN
1220 614 39.0 569 DOWN
1220 615 40.311288741492746 573 DOWN
1220 616 41.23105625617661 577 DOWN
1220 617 42.5440947723653 581 DOWN
1220 618 43.46262762420146 585 DOWN
1220 619 44.77722635447622 613 DOWN
1220 620 45.69463863518345 619 DOWN
1220 621 47.01063709417264 625 DOWN
1220 622 47.92702786528704 631 DOWN
1220 623 49.24428900898052 637 DOWN
1220 624 50.15974481593781 643 DOWN
1220 625 51.478150704935004 649 DOWN
1220 626 52.392747589718944 655 DOWN
1220 627 53.71219600798314 661 DOWN
1220 628 54.62600113499065 667 DOWN
1220 629 55.94640292279746 673 DOWN
1220 630 56.859475903318 691 DOWN
1220 631 58.180752831155424 766 DOWN
1220 632 59.09314681077663 770 DOWN
1220 633 60.92618484691127 774 DOWN
1220 634 61.84658438426491 778 DOWN
1220 635 63.694583757176716 782 DOWN
1220 636 64.62197768561404 786 DOWN
1220 637 66.48308055437865 790 DOWN
1220 638 68.35202996254024 794 DOWN
1220 639 70.22819946431775 798 DOWN
1220 640 72.11102550927978 802 DOWN
1220 641 74.0 806 RIGHT
1220 642 75.8946638440411 810 RIGHT
1220 643 76.53757247260981 811 RIGHT
1220 644 77.20103626247513 812 RIGHT
1220 645 77.88452991448301 813 RIGHT
1230 646 78.587530817554 814 RIGHT
1230 647 78.587530817554 815 RIGHT
1230 648 78.587530817554 816 RIGHT
1230 649 78.587530817554 817 RIGHT
1240 650 78.587530817554 818 RIGHT
1240 651 78.587530817554 819 RIGHT
1240 652 78.587530817554 820 RIGHT
1240 653 78.587530817554 821 RIGHT
1250 654 78.587530817554 822 RIGHT
1250 655 78.587530817554 823 RIGHT
1250 656 78.587530817554 824 RIGHT
1250 657 78.587530817554 825 RIGHT
1260 658 78.587530817554 826 RIGHT
1260 659 78.587530817554 827 RIGHT
1260 660 78.587530817554 828 RIGHT
1260 661 78.587530817554 829 RIGHT
1270 662 78.587530817554 830 RIGHT
1270 663 78.587530817554 831 DOWN
1270 664 78.587530817554 832 DOWN
1270 665 78.587530817554 833 DOWN
1280 666 78.587530817554 834 DOWN
1280 667 79.81227975693966 885 DOWN
1280 668 81.04319835741924 889 DOWN
1280 669 82.28000972289685 893 DOWN
1290 670 83.5224520712844 897 DOWN
1290 671 84.77027781009096 901 DOWN
1290 672 86.02325267042627 905 DOWN
1290 673 87.28115489611719 909 DOWN
1300 674 88.54377448471462 913 DOWN
1300 675 89.81091247727082 917 DOWN
1300 676 91.0823802938856 921 DOWN
1300 677 92.35799911215054 925 DOWN
1300 678 93.637599285757 960 DOWN
1300 679 93.98404119849285 960 DOWN
1300 680 94.33981132056604 960 RIGHT
1300 681 94.33981132056604 961 RIGHT
1300 682 94.33981132056604 962 RIGHT
1300 683 93.04837451562494 963 RIGHT
1300 684 91.76055797563569 964 RIGHT
1300 685 90.47651629014017 965 RIGHT
1300 686 89.19641248391103 966 RIGHT
1300 687 87.92041856133307 967 RIGHT
1300 688 86.64871608973787 968 RIGHT
1300 689 85.38149682454625 969 RIGHT
1300 690 84.11896337925236 970 RIGHT
1300 691 82.86132994346639 971 RIGHT
1300 692 81.60882305241266 972 RIGHT
1300 693 80.36168241145776 973 RIGHT
1300 694 79.12016177940993 974 RIGHT
1300 695 79.12016177940993 975 RIGHT
1300 696 79.12016177940993 976 RIGHT
1300 697 79.12016177940993 977 RIGHT
1300 698 79.12016177940993 978 RIGHT
1300 699 79.12016177940993 979 RIGHT
1300 700 79.12016177940993 980 RIGHT
1300 701 79.12016177940993 981 RIGHT
1300 702 79.12016177940993 982 RIGHT
1300 703 79.12016177940993 983 RIGHT
1310 704 79.12016177940993 984 RIGHT
1310 705 79.12016177940993 985 RIGHT
1310 706 79.12016177940993 986 RIGHT
1310 707 79.12016177940993 987 RIGHT
1320 708 79.12016177940993 988 RIGHT
1320 709 79.12016177940993 989 RIGHT
1320 710 79.12016177940993 990 RIGHT
1320 711 79.12016177940993 991 RIGHT
1330 712 79.12016177940993 992 RIGHT
1330 713 79.12016177940993 993 RIGHT
1330 714 79.12016177940993 994 RIGHT
1330 715 79.12016177940993 995 RIGHT
1340 716 79.12016177940993 996 RIGHT
1340 717 79.12016177940993 997 RIGHT
1340 718 79.12016177940993 998 RIGHT
1340 719 77.88452991448301 999 RIGHT
1350 720 76.6550715869472 1000 RIGHT
1350 721 75.43208866258443 1001 RIGHT
1350 722 74.21590126111789 1002 RIGHT
1350 723 73.00684899377592 1003 RIGHT
1360 724 71.80529228406496 1004 RIGHT
1360 725 70.61161377563892 1005 RIGHT
1360 726 69.42621983083913 1006 RIGHT
1360 727 68.24954212300622 1007 RIGHT
1370 728 67.08203932499369 1008 RIGHT
1370 729 65.92419889539804 1009 RIGHT
1370 730 64.77653896280658 1010 RIGHT
1370 731 63.63961030678928 1011 RIGHT
1380 732 62.51399843235114 1012 RIGHT
1380 733 61.40032573203501 1013 RIGHT
1380 734 60.29925372672534 1014 RIGHT
1380 735 59.21148537234985 1015 RIGHT
1390 736 58.137767414994535 1016 RIGHT
1390 737 57.07889277132134 1017 RIGHT
1390 738 56.0357029044876 1018 RIGHT
1390 739 55.00909015790027 1019 RIGHT
1400 740 54.0 1020 RIGHT
1400 741 53.009433122794285 1021 RIGHT
1400 742 52.03844732503075 1022 RIGHT
1400 743 51.088159097779204 1023 RIGHT
1410 744 50.15974481593781 1024 RIGHT
1410 745 49.25444142409901 1025 RIGHT
1410 746 48.373546489791295 1026 DOWN
1410 747 47.51841748206689 1027 DOWN
1420 748 46.69047011971501 1028 DOWN
1420 749 46.69047011971501 1034 DOWN
1420 750 46.69047011971501 1040 DOWN
1420 751 46.69047011971501 1046 DOWN
1430 752 46.69047011971501 1052 DOWN
1430 753 46.69047011971501 1058 DOWN
1430 754 46.69047011971501 1064 DOWN
1430 755 46.69047011971501 1070 DOWN
1440 756 46.69047011971501 1076 DOWN
1440 757 46.69047011971501 1082 DOWN
1440 758 46.69047011971501 1088 DOWN
1440 759 46.69047011971501 1094 DOWN
1450 760 46.69047011971501 1124 DOWN
1450 761 46.69047011971501 1130 DOWN
1450 762 46.69047011971501 1136 DOWN
1450 763 46.69047011971501 1142 DOWN
1500 764 48.662100242385755 1148 DOWN
1500 765 50.635955604688654 1154 DOWN
1500 766 51.62363799656123 1160 DOWN
1500 767 53.600373133029585 1166 DOWN
1510 768 54.589376255824725 1172 DOWN
1510 769 56.568542494923804 1178 DOWN
1510 770 57.55866572463264 1184 LEFT
1510 771 59.53990258641679 1190 LEFT
1520 772 60.530983801686226 1291 LEFT
1520 773 61.40032573203501 1290 LEFT
1520 774 61.29437168288782 1289 LEFT
1520 775 62.20128616033595 1288 LEFT
1530 776 62.12889826803627 1287 LEFT
1530 777 63.071388124885914 1286 LEFT
1530 778 63.0317380372777 1285 LEFT
1530 779 64.00781202322104 1284 LEFT
1540 780 64.0 1283 LEFT
1540 781 65.00769185258002 1282 LEFT
1540 782 65.03076195155643 1281 LEFT
1540 783 66.06814663663572 1280 LEFT
1550 784 66.12110101926616 1279 LEFT
1550 785 67.1863081289633 1278 LEFT
1550 786 67.26812023536856 1277 LEFT
1550 787 68.3593446428504 1276 LEFT
1560 788 68.46897107449476 1275 LEFT
1560 789 69.58448102845921 1274 LEFT
1560 790 69.72087205421343 1273 LEFT
1560 791 70.8590149522275 1272 LEFT
1570 792 71.02112361825881 1271 LEFT
1570 793 72.18032973047436 1270 LEFT
1570 794 72.3671196055225 1269 LEFT
1570 795 73.54590403278758 1268 LEFT
1580 796 73.7563556583431 1267 LEFT
1580 797 74.95331880577403 1266 LEFT
1580 798 75.18643494673756 1265 LEFT
1580 799 76.40026177965623 1264 UP
1590 800 76.6550715869472 1263 UP
1590 801 77.88452991448301 1262 UP
1590 802 78.16009211867653 1261 UP
1590 803 79.40403012442127 1260 UP
1600 804 79.6994353806851 1259 UP
1600 805 79.6994353806851 1188 UP
1600 806 78.74642849044012 1182 UP
1600 807 78.74642849044012 1176 UP
1610 808 77.79460135510689 1170 UP
1610 809 77.79460135510689 1164 UP
1610 810 76.84399781375251 1158 UP
1610 811 76.84399781375251 1152 UP
1620 812 75.8946638440411 1146 UP
1620 813 75.8946638440411 1140 UP
1620 814 74.94664769020693 1134 UP
1620 815 74.94664769020693 1128 UP
1630 816 74.0 1122 LEFT
1630 817 75.27283706623525 1121 LEFT
1630 818 75.61084578286372 1120 LEFT
1630 819 76.89603370785778 1119 LEFT
1640 820 77.25283166331187 1118 LEFT
1640 821 78.54934754662193 1117 LEFT
1640 822 78.92401408950256 1116 LEFT
1640 823 80.23091673413684 1115 LEFT
1650 824 80.62257748298549 1114 LEFT
1650 825 81.93900170248598 1113 LEFT
1650 826 82.34682750416071 1112 LEFT
1650 827 83.6719785830358 1111 LEFT
1660 828 84.09518416651456 1110 UP
1660 829 84.09518416651456 1092 UP
1660 830 83.19254774317228 1086 UP
1660 831 83.19254774317228 1080 UP
1670 832 82.29216244576394 1074 UP
1670 833 82.29216244576394 1068 UP
1670 834 81.39410298049853 1062 UP
1670 835 81.39410298049853 1056 UP
1680 836 80.49844718999243 1050 UP
1680 837 80.49844718999243 1044 UP
1680 838 79.60527620704548 1038 UP
1680 839 79.60527620704548 1032 UP
1680 840 78.71467461661771 984 RIGHT
1680 841 79.1580697086532 985 RIGHT
1680 842 78.7210264160726 986 RIGHT
1680 843 79.20227269466452 987 RIGHT
1680 844 78.79086241436883 988 RIGHT
1680 845 79.30952023559341 989 RIGHT
1680 846 78.92401408950256 990 RIGHT
1680 847 79.47955712005447 991 RIGHT
1680 848 79.12016177940993 992 RIGHT
1680 849 79.71198153351854 993 RIGHT
1680 850 79.37883848986453 994 RIGHT
1680 851 80.00624975587844 995 UP
1680 852 79.6994353806851 996 UP
1680 853 79.05694150420949 926 UP
1680 854 78.10889834071403 922 UP
1680 855 77.4919350642375 918 UP
1690 856 76.55063683601855 914 UP
1690 857 75.96051605933177 910 UP
1690 858 75.02666192761077 906 UP
1690 859 74.46475676452586 902 UP
1700 860 73.53910524340094 898 UP
1700 861 73.00684899377592 894 RIGHT
1700 862 72.09022125087424 890 RIGHT
1700 863 71.58910531638176 886 RIGHT
1710 864 70.68238818828917 859 RIGHT
1710 865 70.68238818828917 860 RIGHT
1710 866 70.26378868236469 861 RIGHT
1710 867 70.26378868236469 862 RIGHT
1720 868 69.85699678629192 863 RIGHT
1720 869 70.3846574190711 864 RIGHT
1720 870 70.00714249274856 865 RIGHT
1720 871 70.57619995437555 866 RIGHT
1730 872 70.22819946431775 867 RIGHT
1730 873 70.83784299369935 868 RIGHT
1730 874 70.51950084905593 869 RIGHT
1730 875 71.16881339463234 870 RIGHT
1740 876 70.8801805866774 871 RIGHT
1740 877 71.56814934033156 872 RIGHT
1740 878 71.30918594402827 873 RIGHT
1740 879 72.03471385380801 874 RIGHT
1750 880 71.80529228406496 875 RIGHT
1750 881 72.56721022610694 876 RIGHT
1750 882 72.3671196055225 877 DOWN
1750 883 73.16419889536138 878 DOWN
1760 884 72.99315036357864 879 DOWN
1760 885 73.824115301167 880 DOWN
1760 886 73.68174807915459 881 DOWN
1760 887 74.54528824815154 882 DOWN
1770 888 74.43117626371358 883 DOWN
1770 889 76.4198926981712 887 DOWN
1770 890 77.41446893184762 891 DOWN
1770 891 79.40403012442127 895 DOWN
1780 892 80.39900496896712 899 DOWN
1780 893 81.30190649671138 903 DOWN
1780 894 82.29823813423954 907 DOWN
1780 895 83.21658488546619 911 UP
1780 896 82.21921916437786 907 UP
1780 897 81.15417426109393 903 UP
1780 898 80.15609770940699 899 UP
1780 899 79.1012010022604 895 UP
1780 900 78.10249675906654 891 UP
1780 901 77.05841939723393 887 UP
1780 902 76.05918747922567 883 UP
1780 903 75.02666192761077 809 UP
1780 904 74.02702209328699 805 UP
1780 905 73.00684899377592 801 UP
1790 906 72.00694410957877 797 UP
1790 907 71.0 793 UP
1790 908 70.0 789 UP
1790 909 69.00724599634447 785 UP
1800 910 68.00735254367721 781 UP
1800 911 67.02984409947557 777 UP
1800 912 66.03029607687671 773 UP
1800 913 65.06919393998976 769 UP
1810 914 64.07027391856539 753 UP
1810 915 63.12685640834652 678 UP
1810 916 62.12889826803627 672 UP
1810 917 61.204574992397426 666 UP
1820 918 60.207972893961475 660 UP
1820 919 59.30430001273095 654 UP
1820 920 58.309518948453004 648 UP
1820 921 57.42821606144492 642 UP
1830 922 56.43580423808985 636 UP
1830 923 55.57877292636101 630 UP
1830 924 54.589376255824725 624 UP
1830 925 53.75872022286245 618 UP
1840 926 52.773099207835045 612 UP
1840 927 51.97114584074513 584 UP
1840 928 50.99019513592785 580 UP
1840 929 50.21951811795888 576 UP
1850 930 49.24428900898052 572 UP
1850 931 48.507731342539614 568 UP
1850 932 47.53945729601885 564 UP
1850 933 45.60701700396552 560 UP
1860 934 44.64302857109943 556 UP
1860 935 42.720018726587654 552 UP
1860 936 41.7612260356422 548 UP
1860 937 39.84971769034255 544 UP
1870 938 38.897300677553446 540 UP
1870 939 37.0 455 UP
1870 940 36.05551275463989 451 UP
1870 941 34.17601498127012 447 UP
1880 942 33.24154027718932 443 UP
1880 943 31.38470965295043 439 UP
1880 944 30.463092423455635 435 UP
1880 945 28.635642126552707 431 UP
1890 946 27.730849247724095 427 UP
1890 947 25.942243542145693 423 UP
1890 948 25.059928172283335 419 UP
1890 949 23.323807579381203 415 UP
1900 950 22.47220505424423 399 UP
1900 951 20.808652046684813 335 UP
1900 952 20.0 329 UP
1900 953 18.439088914585774 323 UP
1910 954 17.69180601295413 317 UP
1910 955 16.278820596099706 311 UP
1910 956 15.620499351813308 305 UP
1910 957 14.422205101855956 299 UP
1920 958 13.892443989449804 293 UP
1920 959 13.0 287 UP
1920 960 12.649110640673518 281 UP
1920 961 12.165525060596439 275 DOWN
1920 962 12.36931687685298 281 DOWN
1920 963 12.36931687685298 287 DOWN
1920 964 12.36931687685298 293 DOWN
1920 965 12.36931687685298 299 DOWN
1920 966 12.36931687685298 305 DOWN
1920 967 12.36931687685298 311 DOWN
1920 968 12.36931687685298 317 DOWN
1920 969 12.36931687685298 323 DOWN
1920 970 12.36931687685298 329 DOWN
1920 971 12.36931687685298 335 DOWN
1920 972 12.36931687685298 399 DOWN
1920 973 12.36931687685298 415 DOWN
1920 974 12.36931687685298 419 DOWN
1920 975 12.36931687685298 423 DOWN
1920 976 13.601470508735444 427 DOWN
1920 977 14.866068747318506 431 DOWN
1920 978 16.15549442140351 435 DOWN
1920 979 17.46424919657298 439 DOWN
1920 980 18.788294228055936 443 DOWN
1920 981 20.12461179749811 447 DOWN
1920 982 21.470910553583888 451 DOWN
1920 983 22.825424421026653 455 DOWN
1920 984 24.186773244895647 540 DOWN
1920 985 25.553864678361276 544 DOWN
1920 986 26.92582403567252 548 DOWN
1920 987 28.30194339616981 552 DOWN
1920 988 28.30194339616981 556 DOWN
1920 989 28.30194339616981 560 DOWN
1920 990 28.30194339616981 564 DOWN
1920 991 28.30194339616981 568 DOWN
1920 992 28.30194339616981 572 DOWN
1920 993 28.30194339616981 576 DOWN
1920 994 28.30194339616981 580 DOWN
1920 995 28.30194339616981 584 DOWN
1920 996 28.30194339616981 612 DOWN
1920 997 28.30194339616981 618 DOWN
1920 998 28.30194339616981 624 DOWN
1920 999 28.30194339616981 630 DOWN
1920 1000 28.0178514522438 636 DOWN
1920 1001 27.80287754891569 642 DOWN
1920 1002 27.65863337187866 648 DOWN
1920 1003 27.586228448267445 654 DOWN
1920 1004 27.586228448267445 660 DOWN
1920 1005 27.65863337187866 666 DOWN
1920 1006 27.80287754891569 672 DOWN
1920 1007 28.0178514522438 678 DOWN
1920 1008 28.30194339616981 753 DOWN
1920 1009 28.653097563788805 769 DOWN
1920 1010 29.068883707497267 773 DOWN
1920 1011 29.546573405388315 777 DOWN
1920 1012 30.083217912982647 781 DOWN
1920 1013 30.675723300355934 785 DOWN
1920 1014 31.32091952673165 789 DOWN
1920 1015 32.01562118716424 793 DOWN
1920 1016 32.7566787083184 797 DOWN
1920 1017 33.54101966249684 801 DOWN
1920 1018 34.36568055487916 805 DOWN
1920 1019 35.22782990761707 809 DOWN
1920 1020 36.124783736376884 883 DOWN
1920 1021 37.05401462729781 887 DOWN
1920 1022 38.01315561749642 891 DOWN
1920 1023 39.0 895 DOWN
1920 1024 39.0 899 DOWN
1920 1025 39.0 903 DOWN
1920 1026 39.0 907 DOWN
1920 1027 39.0 911 DOWN
1930 1028 39.0 915 DOWN
1930 1029 39.0 919 DOWN
1930 1030 39.0 923 DOWN
1930 1031 39.0 927 DOWN
1930 1032 39.0 1020 DOWN
1930 1033 38.0 1020 LEFT
1930 1034 37.013511046643494 1019 LEFT
1930 1035 36.05551275463989 1018 LEFT
1930 1036 35.12833614050059 1017 LEFT
1930 1037 34.23448553724738 1016 LEFT
1930 1038 33.37663853655727 1015 LEFT
1930 1039 32.55764119219941 1014 LEFT
1930 1040 31.78049716414141 1013 LEFT
1930 1041 31.04834939252005 1012 LEFT
1930 1042 30.364452901377952 1011 LEFT
1930 1043 29.732137494637012 1010 LEFT
1930 1044 29.154759474226502 1009 LEFT
1930 1045 28.635642126552707 1008 LEFT
1930 1046 28.178005607210743 1007 LEFT
1930 1047 27.784887978899608 1006 LEFT
1930 1048 27.459060435491963 1005 LEFT
1930 1049 27.202941017470888 1004 LEFT
1930 1050 27.018512172212592 1003 LEFT
1930 1051 26.90724809414742 1002 LEFT
1930 1052 26.870057685088806 1001 LEFT
1930 1053 26.90724809414742 1000 LEFT
1930 1054 27.018512172212592 999 LEFT
1930 1055 27.202941017470888 998 LEFT
1930 1056 27.459060435491963 997 LEFT
1930 1057 27.784887978899608 996 LEFT
1930 1058 28.178005607210743 995 LEFT
1930 1059 28.635642126552707 994 LEFT
1930 1060 29.154759474226502 993 LEFT
1930 1061 29.732137494637012 992 LEFT
1930 1062 30.364452901377952 991 LEFT
1930 1063 31.04834939252005 990 LEFT
1930 1064 31.78049716414141 989 LEFT
1930 1065 32.55764119219941 988 LEFT
1930 1066 33.37663853655727 987 LEFT
1930 1067 34.23448553724738 986 LEFT
1930 1068 35.12833614050059 985 LEFT
1930 1069 36.05551275463989 984 LEFT
1930 1070 37.013511046643494 983 LEFT
1930 1071 38.0 982 LEFT
1930 1072 38.0 981 LEFT
1930 1073 38.0 980 LEFT
1930 1074 38.0 979 LEFT
1930 1075 38.0 978 DOWN
1930 1076 38.0 977 DOWN
1930 1077 38.0 976 DOWN
1930 1078 38.0 975 DOWN
1930 1079 38.0 974 DOWN
1930 1080 38.0 973 DOWN
1930 1081 38.0 972 DOWN
1930 1082 37.013511046643494 1031 DOWN
1930 1083 36.05551275463989 1037 DOWN
1930 1084 35.12833614050059 1043 DOWN
1940 1085 34.23448553724738 1049 DOWN
1940 1086 33.37663853655727 1055 DOWN
1940 1087 32.55764119219941 1061 LEFT
1940 1088 31.78049716414141 1067 LEFT
1950 1089 31.04834939252005 1073 LEFT
1950 1090 30.364452901377952 1079 LEFT
1950 1091 29.732137494637012 1085 LEFT
1950 1092 29.154759474226502 1091 LEFT
1960 1093 28.635642126552707 1109 LEFT
1960 1094 28.635642126552707 1108 LEFT
1960 1095 28.635642126552707 1107 LEFT
1960 1096 28.635642126552707 1106 LEFT
1970 1097 28.635642126552707 1105 LEFT
1970 1098 28.635642126552707 1104 LEFT
1970 1099 28.635642126552707 1103 LEFT
1970 1100 28.635642126552707 1102 LEFT
1980 1101 28.635642126552707 1101 LEFT
1980 1102 28.635642126552707 1100 LEFT
1980 1103 28.635642126552707 1099 LEFT
1980 1104 28.635642126552707 1098 LEFT
1990 1105 28.635642126552707 1097 LEFT
1990 1106 27.730849247724095 1097 DOWN
1990 1107 27.294688127912362 1127 DOWN
1990 1108 26.92582403567252 1133 DOWN
1990 1109 26.627053911388696 1139 DOWN
2000 1110 26.40075756488817 1145 DOWN
2000 1111 26.248809496813376 1151 DOWN
2000 1112 26.1725046566048 1157 DOWN
2000 1113 26.1725046566048 1163 DOWN
2010 1114 26.248809496813376 1169 DOWN
2010 1115 26.40075756488817 1175 DOWN
2010 1116 26.627053911388696 1181 DOWN
2010 1117 26.92582403567252 1187 DOWN
2020 1118 27.294688127912362 1223 DOWN
2020 1119 26.832815729997478 1223 DOWN
2020 1120 25.942243542145693 1223 LEFT
2020 1121 25.553864678361276 1222 LEFT
2020 1122 25.238858928247925 1221 LEFT
2020 1123 25.0 1220 LEFT
2030 1124 24.839484696748443 1219 LEFT
2030 1125 24.758836806279895 1218 LEFT
2030 1126 24.758836806279895 1217 LEFT
2030 1127 24.839484696748443 1216 LEFT
2040 1128 25.0 1215 LEFT
2040 1129 25.238858928247925 1214 LEFT
2040 1130 25.553864678361276 1213 LEFT
2040 1131 25.942243542145693 1212 LEFT
2050 1132 25.942243542145693 1211 LEFT
2050 1133 25.942243542145693 1210 LEFT
2050 1134 25.942243542145693 1209 LEFT
2050 1135 25.942243542145693 1208 LEFT
2060 1136 25.942243542145693 1207 LEFT
2060 1137 25.942243542145693 1206 LEFT
2060 1138 25.942243542145693 1205 LEFT
2060 1139 25.942243542145693 1204 LEFT
2070 1140 25.942243542145693 1203 LEFT
2070 1141 25.942243542145693 1202 LEFT
2070 1142 25.942243542145693 1201 LEFT
2070 1143 25.942243542145693 1200 LEFT
2080 1144 26.40075756488817 1199 LEFT
2080 1145 26.92582403567252 1198 LEFT
2080 1146 27.51363298439521 1197 LEFT
2080 1147 28.160255680657446 1196 LEFT
2090 1148 28.861739379323623 1195 LEFT
2090 1149 29.614185789921695 1194 LEFT
2090 1150 30.4138126514911 1193 LEFT
2090 1151 31.25699921617557 1192 LEFT
2100 1152 32.14031735997639 1191 UP
2100 1153 32.01562118716424 1185 UP
2100 1154 32.01562118716424 1179 UP
2100 1155 32.14031735997639 1173 UP
2110 1156 33.24154027718932 1167 UP
2110 1157 34.36568055487916 1161 UP
2110 1158 35.510561809129406 1155 UP
2110 1159 36.6742416417845 1149 UP
2160 1160 35.90264614203248 1143 UP
2160 1161 35.17101079013795 1137 UP
2160 1162 35.4400902933387 1131 UP
2160 1163 34.785054261852174 1125 UP
2170 1164 35.11409973215888 1095 UP
2170 1165 34.539832078341085 1089 UP
2170 1166 34.92849839314596 1083 UP
2170 1167 34.92849839314596 1077 UP
2180 1168 35.34119409414458 1071 UP
2180 1169 35.34119409414458 1065 UP
2180 1170 35.77708763999664 1059 UP
2180 1171 35.77708763999664 1053 UP
2190 1172 36.235341863986875 1047 RIGHT
2190 1173 36.235341863986875 1041 RIGHT
2190 1174 36.71511950137164 1035 RIGHT
2190 1175 36.71511950137164 1029 RIGHT
2200 1176 37.21558813185679 928 RIGHT
2200 1177 35.84689665786984 929 RIGHT
2200 1178 34.9857113690718 930 RIGHT
2200 1179 33.61547262794322 931 RIGHT
2210 1180 32.7566787083184 932 RIGHT
2210 1181 31.38470965295043 933 RIGHT
2210 1182 30.528675044947494 934 RIGHT
2210 1183 29.154759474226502 935 RIGHT
2210 1184 28.30194339616981 936 RIGHT
2210 1185 26.92582403567252 937 RIGHT
2210 1186 26.076809620810597 938 RIGHT
2210 1187 24.698178070456937 939 RIGHT
2210 1188 23.853720883753127 940 RIGHT
2210 1189 22.47220505424423 941 RIGHT
2210 1190 21.633307652783937 942 RIGHT
2210 1191 21.633307652783937 943 RIGHT
2210 1192 20.808652046684813 944 RIGHT
2210 1193 20.808652046684813 945 DOWN
2210 1194 20.0 946 DOWN
2210 1195 20.0 947 DOWN
2210 1196 19.209372712298546 948 DOWN
2210 1197 19.4164878389476 1030 DOWN
2210 1198 18.867962264113206 1036 DOWN
2210 1199 19.235384061671343 1042 DOWN
2220 1200 18.788294228055936 1048 DOWN
2220 1201 19.313207915827967 1054 DOWN
2220 1202 18.973665961010276 1060 DOWN
2220 1203 19.6468827043885 1066 DOWN
2230 1204 19.4164878389476 1072 DOWN
2230 1205 20.223748416156685 1078 DOWN
2230 1206 20.09975124224178 1084 DOWN
2230 1207 21.02379604162864 1090 DOWN
2240 1208 21.0 1096 DOWN
2240 1209 22.02271554554524 1126 DOWN
2240 1210 22.090722034374522 1132 DOWN
2240 1211 23.194827009486403 1138 DOWN
2250 1212 23.345235059857504 1144 DOWN
2250 1213 24.515301344262525 1150 DOWN
2250 1214 24.73863375370596 1156 DOWN
2250 1215 25.298221281347036 1162 RIGHT
2260 1216 25.632011235952593 1168 RIGHT
2260 1217 26.40075756488817 1174 RIGHT
2260 1218 26.832815729997478 1180 RIGHT
2260 1219 27.784887978899608 1186 RIGHT
2260 1220 28.30194339616981 1211 RIGHT
2260 1221 28.0178514522438 1212 RIGHT
2260 1222 27.202941017470888 1213 RIGHT
2260 1223 27.018512172212592 1214 RIGHT
2260 1224 26.248809496813376 1215 RIGHT
2260 1225 26.1725046566048 1216 RIGHT
2260 1226 25.45584412271571 1217 RIGHT
2260 1227 25.495097567963924 1218 RIGHT
2260 1228 24.839484696748443 1219 RIGHT
2260 1229 25.0 1220 RIGHT
2260 1230 24.413111231467404 1221 RIGHT
2260 1231 24.698178070456937 1222 RIGHT
2260 1232 24.186773244895647 1223 RIGHT
2260 1233 24.596747752497688 1224 RIGHT
2260 1234 24.166091947189145 1225 RIGHT
2260 1235 24.698178070456937 1226 RIGHT
2270 1236 24.351591323771842 1227 RIGHT
2270 1237 25.0 1228 RIGHT
2270 1238 24.73863375370596 1229 RIGHT
2270 1239 24.73863375370596 1230 RIGHT
2280 1240 24.515301344262525 1231 RIGHT
2280 1241 24.515301344262525 1232 RIGHT
2280 1242 24.331050121192877 1233 RIGHT
2280 1243 24.331050121192877 1234 RIGHT
2290 1244 24.186773244895647 1235 RIGHT
2290 1245 24.186773244895647 1236 RIGHT
2290 1246 24.08318915758459 1237 RIGHT
2290 1247 24.08318915758459 1238 RIGHT
2300 1248 24.020824298928627 1239 RIGHT
2300 1249 24.020824298928627 1240 RIGHT
2300 1250 24.0 1241 RIGHT
2300 1251 24.0 1242 RIGHT
2310 1252 24.020824298928627 1243 RIGHT
2310 1253 24.020824298928627 1244 RIGHT
2310 1254 24.08318915758459 1245 RIGHT
2310 1255 24.08318915758459 1246 RIGHT
2320 1256 24.186773244895647 1247 RIGHT
2320 1257 24.186773244895647 1248 RIGHT
2320 1258 24.331050121192877 1249 RIGHT
2320 1259 24.331050121192877 1250 RIGHT
2330 1260 24.515301344262525 1251 RIGHT
2330 1261 24.515301344262525 1252 RIGHT
2330 1262 24.73863375370596 1253 RIGHT
2330 1263 24.73863375370596 1254 RIGHT
2340 1264 25.0 1255 RIGHT
2340 1265 25.0 1256 RIGHT
2340 1266 25.298221281347036 1257 RIGHT
2340 1267 25.298221281347036 1258 RIGHT
2340 1268 25.632011235952593 1259 RIGHT
2340 1269 25.632011235952593 1260 RIGHT
2340 1270 26.0 1261 RIGHT
2340 1271 26.0 1262 RIGHT
2340 1272 26.40075756488817 1263 RIGHT
2340 1273 26.40075756488817 1264 RIGHT
2340 1274 26.832815729997478 1265 RIGHT
2340 1275 26.832815729997478 1266 RIGHT
2340 1276 27.294688127912362 1267 RIGHT
2340 1277 27.294688127912362 1268 UP
2340 1278 27.784887978899608 1269 UP
2340 1279 27.784887978899608 1270 UP
2340 1280 28.30194339616981 1271 UP
2340 1281 26.92582403567252 1189 UP
2340 1282 26.076809620810597 1183 UP
2340 1283 24.698178070456937 1177 UP
2350 1284 23.853720883753127 1171 UP
2350 1285 22.47220505424423 1165 UP
2350 1286 21.633307652783937 1159 UP
2350 1287 21.633307652783937 1153 UP
2360 1288 20.808652046684813 1147 UP
2360 1289 20.808652046684813 1141 UP
2360 1290 20.0 1135 UP
2360 1291 20.0 1129 UP
2370 1292 19.209372712298546 1123 UP
2370 1293 19.209372712298546 1093 UP
2370 1294 18.439088914585774 1087 UP
2370 1295 18.439088914585774 1081 UP
2380 1296 17.69180601295413 1075 UP
2380 1297 17.69180601295413 1069 UP
2380 1298 16.97056274847714 1063 UP
2380 1299 16.97056274847714 1057 UP
2390 1300 16.278820596099706 1051 UP
2390 1301 16.278820596099706 1045 UP
2390 1302 15.620499351813308 1039 RIGHT
2390 1303 15.620499351813308 1033 RIGHT
2390 1304 15.0 1008 RIGHT
2390 1305 16.401219466856727 1009 RIGHT
2390 1306 17.204650534085253 1010 RIGHT
2390 1307 18.601075237738275 1011 RIGHT
2390 1308 19.4164878389476 1012 RIGHT
2390 1309 20.808652046684813 1013 RIGHT
2390 1310 21.633307652783937 1014 RIGHT
2390 1311 21.633307652783937 1015 RIGHT
2390 1312 22.47220505424423 1016 RIGHT
2390 1313 22.47220505424423 1017 RIGHT
2390 1314 23.323807579381203 1018 UP
2390 1315 23.323807579381203 1019 UP
2390 1316 24.186773244895647 1020 UP
2390 1317 22.825424421026653 927 UP
2390 1318 22.360679774997898 923 UP
2390 1319 21.02379604162864 919 UP
2390 1320 20.615528128088304 915 UP
2390 1321 19.313207915827967 911 UP
2390 1322 18.973665961010276 907 UP
2390 1323 17.72004514666935 903 UP
2390 1324 17.46424919657298 899 UP
2390 1325 16.278820596099706 895 UP
2390 1326 16.1245154965971 891 UP
2390 1327 15.033296378372908 887 UP
2390 1328 15.0 883 UP
2390 1329 14.035668847618199 809 UP
2390 1330 14.142135623730951 805 UP
2390 1331 13.341664064126334 801 UP
2390 1332 13.601470508735444 797 UP
2390 1333 13.0 793 UP
2390 1334 13.416407864998739 789 UP
2390 1335 13.038404810405298 785 UP
2390 1336 13.601470508735444 781 UP
2390 1337 13.45362404707371 777 UP
2390 1338 14.142135623730951 773 UP
2390 1339 14.212670403551895 769 UP
2390 1340 15.0 753 UP
2390 1341 15.264337522473747 678 UP
2390 1342 16.1245154965971 672 UP
2390 1343 16.55294535724685 666 UP
2390 1344 17.46424919657298 660 UP
2390 1345 18.027756377319946 654 UP
2390 1346 18.973665961010276 648 UP
2390 1347 19.6468827043885 642 UP
2390 1348 20.615528128088304 636 UP
2390 1349 21.37755832643195 630 UP
2390 1350 22.360679774997898 624 UP
2390 1351 23.194827009486403 618 UP
2390 1352 24.186773244895647 612 UP
2390 1353 25.079872407968907 584 UP
2390 1354 26.076809620810597 580 UP
2390 1355 27.018512172212592 576 UP
2390 1356 28.0178514522438 572 UP
2390 1357 29.0 568 UP
2390 1358 30.0 564 UP
2390 1359 32.0 560 UP
2390 1360 34.0 556 UP
2390 1361 36.0 552 UP
2390 1362 38.0 548 UP
2390 1363 40.0 544 UP
2390 1364 42.0 540 UP
2390 1365 44.0 455 UP
2390 1366 46.0 451 UP
2390 1367 48.0 447 UP
2390 1368 50.0 443 UP
2390 1369 52.0 439 UP
2390 1370 54.0 435 UP
2390 1371 55.00909015790027 431 UP
2390 1372 56.0357029044876 427 UP
2390 1373 57.07889277132134 423 UP
2390 1374 58.137767414994535 419 UP
2390 1375 59.21148537234985 415 UP
2390 1376 60.29925372672534 399 UP
2390 1377 61.40032573203501 335 UP
2390 1378 62.51399843235114 329 UP
2390 1379 64.4980619863884 323 UP
2390 1380 66.48308055437865 317 UP
2390 1381 68.46897107449476 311 UP
2390 1382 70.45565981523414 305 UP
2390 1383 72.44308110509934 299 UP
2390 1384 74.43117626371358 293 UP
2390 1385 76.4198926981712 287 UP
2390 1386 78.40918313565064 281 UP
2390 1387 80.39900496896712 275 UP
2400 1388 36.22154055254967 973 UP
2400 1389 36.124783736376884 972 UP
2400 1390 36.05551275463989 971 UP
2400 1391 36.013886210738214 970 UP
2400 1392 36.0 969 UP
2400 1393 36.013886210738214 968 UP
2400 1394 36.05551275463989 967 UP
2400 1395 36.124783736376884 966 UP
2400 1396 36.22154055254967 965 UP
2400 1397 36.345563690772494 964 UP
2410 1398 36.49657518178932 963 UP
2410 1399 35.510561809129406 927 UP
2410 1400 34.52535300326414 923 UP
2410 1401 33.54101966249684 919 UP
2420 1402 32.55764119219941 915 UP
2420 1403 31.575306807693888 911 UP
2420 1404 30.59411708155671 907 UP
2420 1405 29.614185789921695 903 UP
2430 1406 28.635642126552707 899 UP
2430 1407 27.65863337187866 895 UP
2430 1408 26.68332812825267 891 UP
2430 1409 25.709920264364882 887 UP
2440 1410 24.73863375370596 852 UP
2440 1411 23.769728648009426 816 UP
2440 1412 22.80350850198276 810 UP
2440 1413 21.840329667841555 804 UP
2440 1414 20.8806130178211 798 LEFT
2440 1415 19.924858845171276 792 LEFT
2440 1416 18.973665961010276 786 LEFT
2440 1417 18.027756377319946 780 LEFT
2440 1418 17.08800749063506 774 LEFT
2440 1419 16.15549442140351 768 LEFT
2440 1420 15.231546211727817 762 LEFT
2440 1421 14.317821063276353 756 LEFT
2440 1422 13.416407864998739 723 LEFT
2440 1423 26.40075756488817 722 LEFT
2440 1424 26.40075756488817 721 LEFT
2440 1425 26.40075756488817 720 LEFT
2440 1426 26.40075756488817 719 LEFT
2440 1427 26.40075756488817 718 LEFT
2440 1428 26.40075756488817 717 LEFT
2440 1429 26.40075756488817 716 LEFT
2440 1430 26.40075756488817 715 LEFT
2440 1431 26.0 715 LEFT
2440 1432 25.632011235952593 715 LEFT
2440 1433 25.298221281347036 715 LEFT
2440 1434 25.0 715 LEFT
2440 1435 24.73863375370596 715 UP
2440 1436 23.53720459187964 709 UP
2440 1437 22.360679774997898 703 UP
2440 1438 21.213203435596427 697 UP
2440 1439 20.09975124224178 683 UP
2440 1440 19.026297590440446 669 UP
2440 1441 18.0 663 UP
2440 1442 16.0 657 LEFT
2440 1443 14.0 640 LEFT
2440 1444 13.038404810405298 639 LEFT
2440 1445 12.165525060596439 638 LEFT
2440 1446 11.40175425099138 637 LEFT
2440 1447 10.770329614269007 636 LEFT
2440 1448 10.295630140987 635 LEFT
2440 1449 10.0 634 LEFT
2440 1450 9.899494936611665 633 LEFT
2440 1451 10.0 632 LEFT
2440 1452 10.295630140987 631 LEFT
2440 1453 10.770329614269007 630 LEFT
2440 1454 11.40175425099138 629 LEFT
2450 1455 12.165525060596439 628 UP
2450 1456 12.0 622 UP
2450 1457 12.165525060596439 616 UP
2450 1458 11.40175425099138 610 UP
2460 1459 10.770329614269007 604 UP
2460 1460 10.295630140987 598 UP
2460 1461 10.0 592 UP
2460 1462 9.899494936611665 586 UP
2470 1463 10.0 561 UP
2470 1464 10.295630140987 537 UP
2470 1465 10.770329614269007 533 UP
2470 1466 11.40175425099138 529 UP
2480 1467 12.165525060596439 525 UP
2480 1468 13.038404810405298 521 UP
2480 1469 14.0 517 UP
2480 1470 14.0 513 UP
2490 1471 14.0 474 UP
2490 1472 14.0 470 UP
2490 1473 14.0 466 UP
2490 1474 14.0 462 UP
2500 1475 14.0 438 UP
2500 1476 13.0 438 LEFT
2500 1477 12.041594578792296 437 LEFT
2500 1478 11.180339887498949 436 LEFT
2500 1479 10.44030650891055 435 LEFT
2510 1480 9.848857801796104 434 LEFT
2510 1481 9.433981132056603 433 LEFT
2510 1482 9.219544457292887 432 LEFT
2510 1483 9.219544457292887 431 LEFT
2520 1484 9.433981132056603 430 LEFT
2520 1485 9.848857801796104 429 LEFT
2520 1486 10.44030650891055 428 LEFT
2520 1487 11.180339887498949 427 LEFT
2530 1488 12.041594578792296 426 LEFT
2530 1489 13.0 425 LEFT
2530 1490 13.0 424 LEFT
2530 1491 13.0 423 LEFT
2540 1492 13.0 422 LEFT
2540 1493 13.0 421 UP
2540 1494 13.0 420 UP
2540 1495 13.0 419 UP
2550 1496 13.0 418 UP
2550 1497 12.041594578792296 412 UP
2550 1498 11.180339887498949 406 UP
2550 1499 10.44030650891055 400 UP
2560 1500 9.848857801796104 394 UP
2560 1501 9.433981132056603 388 UP
2560 1502 9.219544457292887 382 UP
2560 1503 9.219544457292887 376 UP
2570 1504 9.433981132056603 357 UP
2570 1505 9.848857801796104 349 UP
2570 1506 10.44030650891055 341 UP
2570 1507 11.180339887498949 333 UP
2580 1508 12.041594578792296 287 UP
2580 1509 13.0 281 UP
2580 1510 13.0 275 UP
2580 1511 13.0 269 UP
2590 1512 13.0 263 UP
2590 1513 13.0 257 UP
2590 1514 13.0 251 UP
2590 1515 13.0 245 UP
2600 1516 13.0 239 UP
2600 1517 13.0 233 UP
2600 1518 13.0 227 UP
2600 1519 13.0 221 UP
2650 1520 15.0 131 RIGHT
2650 1521 15.033296378372908 132 RIGHT
2650 1522 16.1245154965971 133 RIGHT
2650 1523 16.278820596099706 134 RIGHT
2660 1524 17.46424919657298 135 RIGHT
2660 1525 17.72004514666935 136 RIGHT
2660 1526 18.973665961010276 137 RIGHT
2660 1527 19.313207915827967 138 RIGHT
2670 1528 20.615528128088304 139 RIGHT
2670 1529 21.02379604162864 140 RIGHT
2670 1530 22.360679774997898 141 RIGHT
2670 1531 22.825424421026653 142 RIGHT
2680 1532 24.186773244895647 143 RIGHT
2680 1533 24.698178070456937 144 RIGHT
2680 1534 26.076809620810597 145 RIGHT
2680 1535 26.627053911388696 146 RIGHT
2690 1536 28.0178514522438 147 RIGHT
2690 1537 28.600699292150182 148 RIGHT
2690 1538 30.0 149 RIGHT
2690 1539 30.610455730027933 150 RIGHT
2700 1540 30.610455730027933 151 RIGHT
2700 1541 31.240998703626616 152 RIGHT
2700 1542 31.240998703626616 153 RIGHT
2700 1543 31.89043743820395 154 RIGHT
2710 1544 31.89043743820395 155 RIGHT
2710 1545 32.55764119219941 156 RIGHT
2710 1546 32.55764119219941 157 RIGHT
2710 1547 33.24154027718932 158 RIGHT
2720 1548 33.24154027718932 159 DOWN
2720 1549 33.94112549695428 160 DOWN
2720 1550 33.94112549695428 161 DOWN
2720 1551 34.655446902326915 162 DOWN
2730 1552 34.655446902326915 163 DOWN
2730 1553 33.97057550292606 222 DOWN
2730 1554 32.55764119219941 228 DOWN
2730 1555 31.89043743820395 234 DOWN
2740 1556 30.479501308256342 240 DOWN
2740 1557 29.832867780352597 246 DOWN
2740 1558 28.42534080710379 252 DOWN
2740 1559 27.80287754891569 258 DOWN
2750 1560 26.40075756488817 264 DOWN
2750 1561 25.80697580112788 270 DOWN
2750 1562 24.413111231467404 276 DOWN
2750 1563 23.853720883753127 282 DOWN
2760 1564 22.47220505424423 308 DOWN
2760 1565 21.95449840010015 335 DOWN
2760 1566 20.591260281974 343 DOWN
2760 1567 20.12461179749811 351 DOWN
2760 1568 18.788294228055936 359 DOWN
2760 1569 18.384776310850235 378 DOWN
2760 1570 17.08800749063506 384 DOWN
2760 1571 16.76305461424021 390 DOWN
2760 1572 15.524174696260024 396 DOWN
2760 1573 15.297058540778355 402 DOWN
2760 1574 14.142135623730951 408 DOWN
2760 1575 14.035668847618199 414 DOWN
2760 1576 13.0 439 DOWN
2760 1577 13.038404810405298 463 DOWN
2760 1578 12.165525060596439 467 DOWN
2760 1579 12.36931687685298 471 DOWN
2760 1580 12.36931687685298 475 RIGHT
2760 1581 13.341664064126334 476 RIGHT
2760 1582 14.142135623730951 477 RIGHT
2760 1583 15.132745950421556 478 RIGHT
2760 1584 16.0312195418814 479 RIGHT
2760 1585 17.029386365926403 480 RIGHT
2760 1586 18.0 481 RIGHT
2760 1587 19.0 482 RIGHT
2760 1588 20.024984394500787 483 RIGHT
2960 1589 21.02379604162864 484 RIGHT
2960 1590 22.090722034374522 485 RIGHT
2960 1591 23.08679276123039 486 RIGHT
2960 1592 24.186773244895647 487 RIGHT
2960 1593 25.179356624028344 488 RIGHT
2960 1594 26.30589287593181 489 RIGHT
2960 1595 27.294688127912362 490 RIGHT
2960 1596 28.442925306655784 491 RIGHT
2960 1597 29.427877939124322 492 RIGHT
2960 1598 30.59411708155671 493 RIGHT
2960 1599 31.575306807693888 494 RIGHT
2960 1600 32.7566787083184 495 RIGHT
2960 1601 33.734255586866 496 RIGHT
2960 1602 34.92849839314596 497 RIGHT
2960 1603 35.90264614203248 498 RIGHT
2960 1604 37.8549864614954 499 RIGHT
2960 1605 38.8329756778952 500 RIGHT
2960 1606 40.792156108742276 501 RIGHT
2960 1607 41.773197148410844 502 RIGHT
2960 1608 43.73785545725808 503 RIGHT
2960 1609 44.721359549995796 504 RIGHT
2960 1610 46.69047011971501 505 RIGHT
2960 1611 47.67598976424087 506 RIGHT
2960 1612 49.64876634922564 507 RIGHT
2960 1613 50.635955604688654 508 RIGHT
2960 1614 52.61178575186362 509 RIGHT
2960 1615 53.600373133029585 510 DOWN
2960 1616 55.57877292636101 511 DOWN
2960 1617 55.44366510251645 515 DOWN
2960 1618 56.32051136131489 519 DOWN
2960 1619 56.22277118748239 523 DOWN
2960 1620 57.14017850864661 527 DOWN
2960 1621 57.07889277132134 531 DOWN
2960 1622 58.034472514187634 535 DOWN
2960 1623 58.008620049092706 539 DOWN
2960 1624 59.0 563 DOWN
2960 1625 59.00847396772772 588 DOWN
2960 1626 60.03332407921454 594 DOWN
2960 1627 60.07495318350236 600 DOWN
2960 1628 61.1310068623117 606 DOWN
2960 1629 61.204574992397426 612 DOWN
2960 1630 62.289646009589745 618 RIGHT
2960 1631 62.39390995922599 624 RIGHT
2960 1632 63.50590523722971 641 RIGHT
2960 1633 64.4980619863884 642 RIGHT
2960 1634 66.48308055437865 643 RIGHT
2960 1635 67.47592163134935 644 RIGHT
2960 1636 69.46221994724903 645 RIGHT
2960 1637 70.45565981523414 646 RIGHT
2960 1638 72.44308110509934 647 RIGHT
2960 1639 73.43704787094863 648 RIGHT
2960 1640 75.4254598925323 649 RIGHT
2960 1641 76.4198926981712 650 RIGHT
2960 1642 78.40918313565064 651 RIGHT
2960 1643 79.40403012442127 652 RIGHT
2970 1644 80.30566605165541 653 RIGHT
2970 1645 80.30566605165541 653 UP
2970 1646 80.15609770940699 625 UP
2970 1647 80.09993757800315 619 UP
2970 1648 80.02499609497022 613 UP
2980 1649 80.00624975587844 607 UP
2980 1650 80.00624975587844 601 UP
2980 1651 80.02499609497022 595 UP
2980 1652 80.09993757800315 589 UP
2990 1653 80.15609770940699 564 UP
2990 1654 80.30566605165541 540 UP
2990 1655 80.39900496896712 536 UP
2990 1656 80.62257748298549 532 UP
3000 1657 80.75270893288967 528 UP
3000 1658 81.04936767180853 524 UP
3000 1659 81.21576201698781 520 UP
3000 1660 81.58431221748455 516 UP
3010 1661 81.78630692236935 512 UP
3010 1662 82.22530024268686 473 UP
3010 1663 82.46211251235322 469 RIGHT
3010 1664 82.96987405076617 465 RIGHT
3020 1665 83.24061508662703 441 RIGHT
3020 1666 84.48076704197234 442 RIGHT
3020 1667 85.44003745317531 443 RIGHT
3020 1668 85.44003745317531 444 RIGHT
3030 1669 86.40023148117139 445 RIGHT
3030 1670 86.40023148117139 446 RIGHT
3030 1671 87.36131867136622 447 RIGHT
3030 1672 87.36131867136622 448 RIGHT
3040 1673 88.32326986700618 449 RIGHT
3040 1674 88.32326986700618 450 RIGHT
3040 1675 89.28605714219886 451 RIGHT
3040 1676 89.28605714219886 452 RIGHT
3050 1677 90.24965373894794 453 RIGHT
3050 1678 90.24965373894794 454 RIGHT
3050 1679 91.21403400793103 455 RIGHT
3050 1680 91.21403400793103 456 RIGHT
3060 1681 92.17917335276988 457 RIGHT
3060 1682 92.17917335276988 458 RIGHT
3060 1683 93.14504817756014 459 RIGHT
3060 1684 94.37160589923221 460 RIGHT
3070 1685 95.33624704172071 461 RIGHT
3070 1686 95.60334722173695 461 UP
3070 1687 95.88013350011565 417 UP
3070 1688 96.46242791885346 411 UP
3070 1689 96.76776322722355 405 UP
3080 1690 97.40636529508737 399 UP
3080 1691 97.73944955850733 393 UP
3080 1692 98.43271813782245 387 UP
3080 1693 98.79271228182775 381 UP
3090 1694 99.53893710503444 375 UP
3090 1695 99.92497185388645 356 UP
3090 1696 100.72239075796404 348 UP
3090 1697 101.13357503816425 340 UP
3100 1698 101.9803902718557 332 UP
3100 1699 102.85912696499032 286 UP
3100 1700 103.76897416858277 280 UP
3100 1701 104.70912090166739 274 UP
3110 1702 105.67875850898325 268 UP
3110 1703 106.6770828247567 262 UP
3110 1704 107.70329614269008 256 UP
3110 1705 108.75660899458019 250 UP
3120 1706 109.83624174196785 244 UP
3120 1707 109.55363982999378 238 UP
3120 1708 109.288608738514 232 UP
3120 1709 109.04127658827184 226 UP
3170 1710 110.43550153822818 220 UP
3170 1711 110.43550153822818 220 UP
3170 1712 111.25196627475849 220 LEFT
3170 1713 110.43550153822818 219 LEFT
3170 1714 110.43550153822818 218 LEFT
3170 1715 109.62207806824317 217 LEFT
3180 1716 108.2266141020775 216 LEFT
3180 1717 107.41508273980894 215 LEFT
3180 1718 106.01886624558857 214 LEFT
3180 1719 105.20931517693668 213 LEFT
3190 1720 103.81233067415451 212 LEFT
3190 1721 103.00485425454472 211 LEFT
3190 1722 101.6070863670443 210 LEFT
3190 1723 100.80178569846865 209 LEFT
3200 1724 99.40321926376429 208 LEFT
3200 1725 98.60020283954795 207 LEFT
3200 1726 97.20082304178294 206 LEFT
3200 1727 96.40020746865642 205 LEFT
3210 1728 95.0 204 LEFT
3210 1729 94.2019108086455 203 LEFT
3210 1730 92.80086206496145 202 LEFT
3210 1731 92.00543462209176 201 LEFT
3220 1732 90.60353193998566 200 LEFT
3220 1733 89.81091247727082 199 LEFT
3220 1734 88.40814442120137 198 LEFT
3220 1735 87.6184911990614 197 LEFT
3230 1736 86.21484790916237 196 LEFT
3230 1737 85.42833253669417 195 LEFT
3230 1738 84.02380615040002 194 LEFT
3230 1739 83.24061508662703 193 LEFT
3240 1740 81.83520025025906 192 DOWN
3240 1741 81.05553651663777 191 DOWN
3240 1742 79.64923100695951 190 DOWN
3240 1743 78.87331614684399 189 DOWN
3250 1744 77.46612162745726 188 DOWN
3250 1745 76.83749084919418 225 DOWN
3250 1746 75.6042326857432 231 DOWN
3250 1747 75.0 237 DOWN
3260 1748 75.21303078589507 243 DOWN
3260 1749 74.63243262818116 249 DOWN
3260 1750 74.88658090739622 255 DOWN
3260 1751 74.33034373659252 261 DOWN
3270 1752 74.62573282722254 267 DOWN
3270 1753 74.09453421137081 273 DOWN
3270 1754 74.43117626371358 279 DOWN
3270 1755 73.92563831310488 285 RIGHT
3280 1756 74.30343195303969 311 RIGHT
3280 1757 75.17978451685 312 RIGHT
3280 1758 76.94153624668537 313 RIGHT
3280 1759 77.82673062643708 314 RIGHT
3290 1760 79.60527620704548 315 RIGHT
3290 1761 80.49844718999243 316 RIGHT
3290 1762 82.29216244576394 317 RIGHT
3290 1763 83.19254774317228 318 RIGHT
3300 1764 83.6719785830358 319 RIGHT
3300 1765 84.581321815162 320 RIGHT
3300 1766 85.0881895447306 321 RIGHT
3300 1767 86.00581375697809 322 RIGHT
3310 1768 86.53900854527974 323 RIGHT
3310 1769 87.46427842267951 324 RIGHT
3310 1770 88.02272433866155 325 RIGHT
3310 1771 88.95504482602435 326 RIGHT
3320 1772 89.5377015563835 327 DOWN
3320 1773 90.47651629014017 328 DOWN
3320 1774 91.0823802938856 329 DOWN
3320 1775 92.02716990106781 330 DOWN
3330 1776 92.65527507918802 331 DOWN
3330 1777 92.34717104492157 339 DOWN
3330 1778 91.76055797563569 347 DOWN
3330 1779 91.48223871331527 355 DOWN
3340 1780 90.95603333479313 374 RIGHT
3340 1781 90.70832376358854 380 RIGHT
3340 1782 90.24411338142782 386 RIGHT
3340 1783 90.02777349240623 392 RIGHT
3350 1784 89.62700485902673 398 RIGHT
3350 1785 89.44271909999159 404 RIGHT
3350 1786 89.10667763978185 410 RIGHT
3350 1787 88.95504482602435 416 RIGHT
3350 1788 87.82368700982668 449 UP
3350 1789 87.96590248499699 416 UP
3350 1790 87.13208364316786 410 UP
3350 1791 87.29833904490967 404 UP
3350 1792 86.49277426467485 398 UP
3350 1793 86.68333173107735 392 UP
3350 1794 85.90692637965812 386 UP
3350 1795 86.12200647918046 380 UP
3350 1796 85.37564055396598 374 UP
3350 1797 85.61541917201598 355 UP
3350 1798 84.8999411071645 347 UP
3350 1799 85.16454661418682 339 UP
3350 1800 84.48076704197234 331 UP
3350 1801 84.48076704197234 331 UP
3350 1802 83.5224520712844 331 UP
3350 1803 83.5224520712844 331 UP
3350 1804 82.56512580987206 331 UP
3350 1805 82.56512580987206 331 UP
3350 1806 81.60882305241266 331 LEFT
3350 1807 80.65358020571685 330 LEFT
3350 1808 78.74642849044012 329 LEFT
3350 1809 77.79460135510689 328 LEFT
3350 1810 75.8946638440411 327 LEFT
3350 1811 74.94664769020693 326 LEFT
3350 1812 73.05477397131553 325 LEFT
3350 1813 72.11102550927978 324 LEFT
3350 1814 70.22819946431775 323 LEFT
3350 1815 69.28924880528002 322 LEFT
3350 1816 67.4166151627327 321 LEFT
3350 1817 66.48308055437865 320 LEFT
3350 1818 64.62197768561404 319 LEFT
3350 1819 63.694583757176716 318 LEFT
3350 1820 61.84658438426491 317 UP
3350 1821 60.92618484691127 316 UP
3350 1822 59.09314681077663 315 UP
3350 1823 58.180752831155424 314 UP
3350 1824 56.36488268416781 313 UP
3350 1825 55.46169849544819 312 UP
3350 1826 53.665631459994955 311 UP
3350 1827 54.120236510939236 285 UP
3350 1828 54.120236510939236 279 UP
3350 1829 54.589376255824725 273 RIGHT
3350 1830 54.589376255824725 267 RIGHT
3350 1831 55.072679252057455 261 RIGHT
3350 1832 55.072679252057455 255 RIGHT
3350 1833 55.569775957799216 249 RIGHT
3350 1834 55.569775957799216 243 RIGHT
3350 1835 56.08029957123981 237 RIGHT
3350 1836 56.08029957123981 231 RIGHT
3350 1837 56.60388679233962 225 RIGHT
3350 1838 56.60388679233962 188 RIGHT
3350 1839 57.4543296888929 189 RIGHT
3350 1840 57.8013840664737 190 RIGHT
3350 1841 58.66856057549052 191 RIGHT
3350 1842 59.0592922409336 192 RIGHT
3350 1843 59.941638282582836 193 RIGHT
3350 1844 60.37383539249432 194 RIGHT
3350 1845 61.26989472816156 195 RIGHT
3350 1846 61.741396161732524 196 RIGHT
3350 1847 62.64982043070834 197 RIGHT
3350 1848 63.15853069855251 198 RIGHT
3350 1849 64.07807737440318 199 RIGHT
3350 1850 64.62197768561404 200 RIGHT
3350 1851 65.55150646628954 201 RIGHT
3350 1852 67.4166151627327 202 RIGHT
3350 1853 68.35202996254024 203 RIGHT
3350 1854 70.22819946431775 204 RIGHT
3350 1855 71.16881339463234 205 RIGHT
3350 1856 73.05477397131553 206 RIGHT
3350 1857 74.0 207 UP
3350 1858 75.8946638440411 208 UP
3350 1859 76.84399781375251 209 UP
3350 1860 78.74642849044012 210 UP
3350 1861 79.6994353806851 211 UP
3350 1862 81.60882305241266 212 UP
3350 1863 82.56512580987206 213 UP
3350 1864 84.48076704197234 214 UP
3350 1865 85.44003745317531 215 LEFT
3350 1866 85.44003745317531 214 LEFT
3350 1867 84.48076704197234 213 LEFT
3350 1868 84.48076704197234 212 LEFT
3350 1869 83.5224520712844 211 LEFT
3350 1870 83.5224520712844 210 LEFT
3350 1871 82.56512580987206 209 LEFT
3350 1872 82.56512580987206 208 LEFT
3350 1873 81.60882305241266 207 LEFT
3350 1874 81.60882305241266 206 LEFT
3350 1875 80.65358020571685 205 LEFT
3350 1876 80.65358020571685 204 LEFT
3350 1877 79.6994353806851 203 LEFT
3350 1878 79.6994353806851 202 UP
3350 1879 78.74642849044012 201 UP
3350 1880 78.74642849044012 200 UP
3350 1881 79.05694150420949 130 UP
3350 1882 80.32434251209281 126 UP
3350 1883 80.65358020571685 122 UP
3350 1884 81.93289937503738 118 UP
3350 1885 82.28000972289685 114 UP
3350 1886 83.57032966310472 110 UP
3350 1887 83.93449827097318 106 UP
3350 1888 85.23496934944014 102 UP
3350 1889 86.53900854527974 98 UP
3350 1890 86.53900854527974 94 UP
3350 1891 86.53900854527974 90 UP
3350 1892 86.53900854527974 62 RIGHT
3350 1893 87.09190547921202 63 RIGHT
3350 1894 87.66413177577246 64 RIGHT
3350 1895 88.25531145489205 65 RIGHT
3350 1896 88.86506625215557 66 RIGHT
3350 1897 89.49301648732151 67 RIGHT
3350 1898 90.13878188659973 68 RIGHT
3350 1899 90.80198235721508 69 RIGHT
3350 1900 91.48223871331527 70 RIGHT
3350 1901 92.17917335276988 71 RIGHT
3350 1902 92.89241088485109 72 RIGHT
3350 1903 93.62157870918435 73 RIGHT
3350 1904 94.36630754670864 74 RIGHT
3350 1905 95.12623192369179 75 RIGHT
3350 1906 95.90099061010788 76 RIGHT
3350 1907 96.6902270139025 77 RIGHT
3350 1908 97.49358953285082 78 RIGHT
3350 1909 98.3107318658548 79 RIGHT
3350 1910 99.14131328563285 80 RIGHT
3350 1911 99.98499887483122 81 RIGHT
3350 1912 100.84145972763385 82 RIGHT
3350 1913 101.71037311896953 83 RIGHT
3350 1914 101.71037311896953 84 RIGHT
3350 1915 101.71037311896953 85 RIGHT
3350 1916 101.71037311896953 86 RIGHT
3350 1917 14.422205101855956 0 RIGHT
3350 1918 14.422205101855956 1 RIGHT
3350 1919 14.422205101855956 2 RIGHT
3350 1920 14.422205101855956 3 RIGHT
3350 1921 14.422205101855956 4 RIGHT
3350 1922 14.422205101855956 5 RIGHT
3350 1923 14.422205101855956 6 RIGHT
3350 1924 14.422205101855956 7 RIGHT
3350 1925 14.422205101855956 8 RIGHT
3350 1926 14.422205101855956 9 RIGHT
3350 1927 14.422205101855956 10 RIGHT
3350 1928 14.422205101855956 11 RIGHT
3350 1929 14.422205101855956 12 RIGHT
3350 1930 14.422205101855956 13 RIGHT
3350 1931 14.422205101855956 14 RIGHT
3350 1932 14.422205101855956 15 RIGHT
3350 1933 14.422205101855956 16 RIGHT
3350 1934 13.038404810405298 17 RIGHT
3350 1935 11.661903789690601 18 RIGHT
3350 1936 10.295630140987 19 RIGHT
3350 1937 8.94427190999916 20 RIGHT
3350 1938 7.615773105863909 21 RIGHT
3350 1939 6.324555320336759 22 DOWN
3350 1940 5.0990195135927845 23 DOWN
3350 1941 4.0 24 DOWN
3350 1942 36.22154055254967 973 DOWN
3350 1943 36.124783736376884 972 DOWN
3350 1944 36.05551275463989 971 DOWN
3350 1945 36.013886210738214 970 DOWN
3350 1946 36.0 969 DOWN
3350 1947 36.013886210738214 968 DOWN
3350 1948 36.05551275463989 967 DOWN
3350 1949 36.124783736376884 966 DOWN
3350 1950 36.22154055254967 965 DOWN
3350 1951 36.345563690772494 964 DOWN
3350 1952 36.49657518178932 963 DOWN
3350 1953 36.6742416417845 962 DOWN
3350 1954 36.87817782917155 961 DOWN
3350 1955 37.107950630558946 960 DOWN
3360 1956 37.36308338453881 959 DOWN
3360 1957 37.64306044943742 958 DOWN
3360 1958 37.94733192202055 957 DOWN
3360 1959 38.27531841800928 956 DOWN
3370 1960 38.62641583165593 955 DOWN
3370 1961 39.56008088970496 1019 DOWN
3370 1962 40.496913462633174 1025 DOWN
3370 1963 41.43669871020132 1031 DOWN
3380 1964 42.37924020083418 1037 DOWN
3380 1965 43.32435804486894 1043 DOWN
3380 1966 44.27188724235731 1049 DOWN
3380 1967 45.221676218380054 1055 DOWN
3390 1968 46.17358552246078 1061 DOWN
3390 1969 47.12748667179272 1067 DOWN
3390 1970 48.08326112068523 1073 DOWN
3390 1971 49.040799340956916 1079 DOWN
3400 1972 50.0 1104 DOWN
3400 1973 50.0 1104 DOWN
3400 1974 50.0 1104 DOWN
3400 1975 50.0 1104 DOWN
3400 1976 62.6418390534633 1104 DOWN
3400 1977 62.36184731067546 1104 DOWN
3400 1978 62.0966987850401 1104 DOWN
3400 1979 61.84658438426491 1104 DOWN
3400 1980 61.61168720299745 1104 DOWN
3400 1981 61.39218191268331 1104 DOWN
3400 1982 61.18823416311342 1104 DOWN
3400 1983 61.0 1104 DOWN
3400 1984 60.8276253029822 1104 DOWN
3400 1985 60.67124524847005 1104 DOWN
3400 1986 60.530983801686226 1104 DOWN
3400 1987 60.40695324215582 1104 DOWN
3400 1988 60.29925372672534 1104 DOWN
3400 1989 60.207972893961475 1104 DOWN
3400 1990 60.13318551349163 1104 DOWN
3400 1991 60.07495318350236 1104 DOWN
